lane,entry_subtype,entry_time,exit_time,position_type,entry_price,exit_price,pips,exit_reason,trade_id,entry_signal_reason,entry_market_state,entry_middle_band,entry_upper_band,entry_lower_band,entry_normalized_band_width,entry_range_slope,entry_trend_slope,entry_trend_current_ma,entry_distance_from_middle,exit_signal_reason,exit_market_state,exit_middle_band,exit_upper_band,exit_lower_band,exit_normalized_band_width,exit_range_slope,exit_trend_slope,exit_trend_current_ma,exit_distance_from_middle,entry_detected_market_state,entry_candidate_market_state,entry_state_transition_event,entry_state_age,entry_candidate_age,entry_detector_reason,entry_range_score,entry_transition_up_score,entry_transition_down_score,entry_trend_up_score,entry_trend_down_score,exit_detected_market_state,exit_candidate_market_state,exit_state_transition_event,exit_state_age,exit_candidate_age,exit_detector_reason,exit_range_score,exit_transition_up_score,exit_transition_down_score,exit_trend_up_score,exit_trend_down_score,entry_risk_score,entry_upper_band_walk,entry_lower_band_walk,entry_upper_band_walk_hits,entry_lower_band_walk_hits,entry_dangerous_for_buy,entry_dangerous_for_sell,entry_strong_up_slope,entry_strong_down_slope,entry_latest_slope,entry_prev_slope,entry_latest_band_width,entry_prev_band_width,entry_latest_distance,entry_prev_distance,mfe_pips,mae_pips,holding_bars,exit_subtype,entry_bar_index,exit_bar_index,unsuitable_bars_band_walk,unsuitable_bars_one_side_stay,unsuitable_bars_bandwidth_expansion,unsuitable_bars_slope_acceleration,unsuitable_bars_total
legacy,,2026-02-02 08:05:00,2026-02-02 08:10:00,sell,154.813,154.758,5.49999999999784,signal_close,T-0001,"range mean-reversion sell confirmed by reentry from outside upper band; previous_close=154.982, latest_close=154.813, previous_upper=154.97007172469, latest_upper=154.9723434662922; range because abs(range_slope)=0.000175 <= threshold=0.000500 and normalized_band_width=0.001196 <= threshold=0.003000 and distance_from_middle=0.000431 <= threshold=0.002000 (bollinger_period=20, bollinger_sigma=2.0, bollinger_extreme_sigma=3.0, range_ma_period=10, range_slope_lookback=5, range_slope_threshold=0.0005, range_band_width_threshold=0.003, range_middle_distance_threshold=0.002, trend_ma_period=15, trend_slope_lookback=2, trend_slope_threshold=0.0003, trend_price_position_filter_enabled=True, range_require_reentry_confirmation=True, trend_require_break_confirmation=True, exit_on_range_middle_band=True, close_on_opposite_trend_state=True, enable_range_failure_exit=True, range_failure_adverse_move_ratio=0.28, enable_range_extreme_touch_entry=False, state=range, middle=154.87975, upper=154.9723434662922, lower=154.78715653370782, upper_3sigma=155.01864019943827, lower_3sigma=154.74085980056174, previous_upper=154.97007172469, previous_lower=154.79432827530997, normalized_band_width=0.001196, latest_band_width=0.185187, distance_from_middle=0.000431, range_slope=0.000175, trend_slope=-0.000009, trend_current_ma=154.8772, latest_high=154.992, latest_low=154.813)",range,154.87975,154.9723434662922,154.78715653370782,0.0011956820215965757,0.0001749605047642206,-9.03941961772329e-06,154.8772,0.0004309795179809703,"sell position closed because range state returned to middle band: latest close 154.758 <= middle 154.87595 (bollinger_period=20, bollinger_sigma=2.0, bollinger_extreme_sigma=3.0, range_ma_period=10, range_slope_lookback=5, range_slope_threshold=0.0005, range_band_width_threshold=0.003, range_middle_distance_threshold=0.002, trend_ma_period=15, trend_slope_lookback=2, trend_slope_threshold=0.0003, trend_price_position_filter_enabled=True, range_require_reentry_confirmation=True, trend_require_break_confirmation=True, exit_on_range_middle_band=True, close_on_opposite_trend_state=True, enable_range_failure_exit=True, range_failure_adverse_move_ratio=0.28, enable_range_extreme_touch_entry=False, state=range, middle=154.87595, upper=154.98112504456856, lower=154.77077495543142, upper_3sigma=155.03371256685284, lower_3sigma=154.71818743314714, previous_upper=154.9723434662922, previous_lower=154.78715653370782, normalized_band_width=0.001358, latest_band_width=0.210350, distance_from_middle=0.000762, range_slope=0.000104, trend_slope=-0.000077, trend_current_ma=154.87173333333334, latest_high=154.836, latest_low=154.756)",range,154.87595,154.98112504456856,154.77077495543142,0.0013581843348637204,0.00010394795629275394,-7.66225470023109e-05,154.87173333333334,0.0007615772494049537,,,,,,,,,,,,,,,,,,,,,,,,,,,,,,,,,,,,,,5.699999999998795,2.3000000000024556,1,middle_touch_exit,97,98,0,0,0,0,0
legacy,,2026-02-02 08:15:00,2026-02-02 08:35:00,buy,154.795,154.659,-13.599999999999568,signal_close,T-0002,"range mean-reversion buy confirmed by reentry from outside lower band; previous_close=154.758, latest_close=154.795, previous_lower=154.77077495543142, latest_lower=154.76080888223126; range because abs(range_slope)=0.000006 <= threshold=0.000500 and normalized_band_width=0.001432 <= threshold=0.003000 and distance_from_middle=0.000495 <= threshold=0.002000 (bollinger_period=20, bollinger_sigma=2.0, bollinger_extreme_sigma=3.0, range_ma_period=10, range_slope_lookback=5, range_slope_threshold=0.0005, range_band_width_threshold=0.003, range_middle_distance_threshold=0.002, trend_ma_period=15, trend_slope_lookback=2, trend_slope_threshold=0.0003, trend_price_position_filter_enabled=True, range_require_reentry_confirmation=True, trend_require_break_confirmation=True, exit_on_range_middle_band=True, close_on_opposite_trend_state=True, enable_range_failure_exit=True, range_failure_adverse_move_ratio=0.28, enable_range_extreme_touch_entry=False, state=range, middle=154.8717, upper=154.98259111776875, lower=154.76080888223126, upper_3sigma=155.03803667665312, lower_3sigma=154.7053633233469, previous_upper=154.98112504456856, previous_lower=154.77077495543142, normalized_band_width=0.001432, latest_band_width=0.221782, distance_from_middle=0.000495, range_slope=-0.000006, trend_slope=-0.000077, trend_current_ma=154.86526666666666, latest_high=154.816, latest_low=154.732)",range,154.8717,154.98259111776875,154.76080888223126,0.0014320384908120024,-5.811213058450829e-06,-7.705622823106607e-05,154.86526666666666,0.0004952486477517625,"buy position closed because range recovery failed and adverse move resumed (entry_price=154.795, previous_close=154.758, latest_close=154.659, middle=154.84755, band_width=0.2917765583455889) (bollinger_period=20, bollinger_sigma=2.0, bollinger_extreme_sigma=3.0, range_ma_period=10, range_slope_lookback=5, range_slope_threshold=0.0005, range_band_width_threshold=0.003, range_middle_distance_threshold=0.002, trend_ma_period=15, trend_slope_lookback=2, trend_slope_threshold=0.0003, trend_price_position_filter_enabled=True, range_require_reentry_confirmation=True, trend_require_break_confirmation=True, exit_on_range_middle_band=True, close_on_opposite_trend_state=True, enable_range_failure_exit=True, range_failure_adverse_move_ratio=0.28, enable_range_extreme_touch_entry=False, state=range, middle=154.84755, upper=154.9934382791728, lower=154.70166172082722, upper_3sigma=155.06638241875922, lower_3sigma=154.6287175812408, previous_upper=154.9743155894519, previous_lower=154.73888441054814, normalized_band_width=0.001884, latest_band_width=0.291777, distance_from_middle=0.001218, range_slope=-0.000382, trend_slope=-0.000092, trend_current_ma=154.84846666666667, latest_high=154.781, latest_low=154.628)",range,154.84755,154.9934382791728,154.70166172082722,0.0018842826918836551,-0.0003823647191040532,-9.213308322495779e-05,154.84846666666667,0.0012176492298394171,,,,,,,,,,,,,,,,,,,,,,,,,,,,,,,,,,,,,,7.900000000000773,16.70000000000016,4,range_failure_exit,99,103,0,0,3,4,4
legacy,,2026-02-02 10:25:00,2026-02-02 11:00:00,sell,154.966,154.877,8.899999999999864,signal_close,T-0003,"range mean-reversion sell confirmed by reentry from outside upper band; previous_close=155.006, latest_close=154.966, previous_upper=155.00385339680915, latest_upper=155.0181974447523; range because abs(range_slope)=0.000352 <= threshold=0.000500 and normalized_band_width=0.002661 <= threshold=0.003000 and distance_from_middle=0.000993 <= threshold=0.002000 (bollinger_period=20, bollinger_sigma=2.0, bollinger_extreme_sigma=3.0, range_ma_period=10, range_slope_lookback=5, range_slope_threshold=0.0005, range_band_width_threshold=0.003, range_middle_distance_threshold=0.002, trend_ma_period=15, trend_slope_lookback=2, trend_slope_threshold=0.0003, trend_price_position_filter_enabled=True, range_require_reentry_confirmation=True, trend_require_break_confirmation=True, exit_on_range_middle_band=True, close_on_opposite_trend_state=True, enable_range_failure_exit=True, range_failure_adverse_move_ratio=0.28, enable_range_extreme_touch_entry=False, state=range, middle=154.81225, upper=155.0181974447523, lower=154.6063025552477, upper_3sigma=155.12117116712844, lower_3sigma=154.50332883287157, previous_upper=155.00385339680915, previous_lower=154.58654660319084, normalized_band_width=0.002661, latest_band_width=0.411895, distance_from_middle=0.000993, range_slope=0.000352, trend_slope=0.000169, trend_current_ma=154.85186666666667, latest_high=155.067, latest_low=154.963)",range,154.81225,155.0181974447523,154.6063025552477,0.0026606091540210455,0.00035188555777728565,0.0001691939565469694,154.85186666666667,0.0009931384628800515,"sell position closed because range state returned to middle band: latest close 154.877 <= middle 154.88375000000002 (bollinger_period=20, bollinger_sigma=2.0, bollinger_extreme_sigma=3.0, range_ma_period=10, range_slope_lookback=5, range_slope_threshold=0.0005, range_band_width_threshold=0.003, range_middle_distance_threshold=0.002, trend_ma_period=15, trend_slope_lookback=2, trend_slope_threshold=0.0003, trend_price_position_filter_enabled=True, range_require_reentry_confirmation=True, trend_require_break_confirmation=True, exit_on_range_middle_band=True, close_on_opposite_trend_state=True, enable_range_failure_exit=True, range_failure_adverse_move_ratio=0.28, enable_range_extreme_touch_entry=False, state=range, middle=154.88375000000002, upper=155.03567218402856, lower=154.73182781597149, upper_3sigma=155.11163327604282, lower_3sigma=154.65586672395722, previous_upper=155.0353112321796, previous_lower=154.72658876782043, normalized_band_width=0.001962, latest_band_width=0.303844, distance_from_middle=0.000044, range_slope=0.000259, trend_slope=0.000108, trend_current_ma=154.9164, latest_high=154.995, latest_low=154.87)",range,154.88375000000002,155.03567218402856,154.73182781597149,0.0019617575637022656,0.0002588036815951016,0.00010844558742643946,154.9164,4.358107290152074e-05,,,,,,,,,,,,,,,,,,,,,,,,,,,,,,,,,,,,,,10.300000000000864,7.499999999998863,7,middle_touch_exit,125,132,1,4,0,1,5
legacy,,2026-02-02 12:00:00,2026-02-02 12:20:00,buy,154.8,154.867,6.699999999997885,signal_close,T-0004,"range mean-reversion buy confirmed by reentry from outside lower band; previous_close=154.775, latest_close=154.8, previous_lower=154.775188200078, latest_lower=154.768155674853; range because abs(range_slope)=0.000351 <= threshold=0.000500 and normalized_band_width=0.001550 <= threshold=0.003000 and distance_from_middle=0.000569 <= threshold=0.002000 (bollinger_period=20, bollinger_sigma=2.0, bollinger_extreme_sigma=3.0, range_ma_period=10, range_slope_lookback=5, range_slope_threshold=0.0005, range_band_width_threshold=0.003, range_middle_distance_threshold=0.002, trend_ma_period=15, trend_slope_lookback=2, trend_slope_threshold=0.0003, trend_price_position_filter_enabled=True, range_require_reentry_confirmation=True, trend_require_break_confirmation=True, exit_on_range_middle_band=True, close_on_opposite_trend_state=True, enable_range_failure_exit=True, range_failure_adverse_move_ratio=0.28, enable_range_extreme_touch_entry=False, state=range, middle=154.8882, upper=155.00824432514702, lower=154.768155674853, upper_3sigma=155.0682664877205, lower_3sigma=154.70813351227952, previous_upper=155.02181179992198, previous_lower=154.775188200078, normalized_band_width=0.001550, latest_band_width=0.240089, distance_from_middle=0.000569, range_slope=-0.000351, trend_slope=-0.000140, trend_current_ma=154.87066666666666, latest_high=154.822, latest_low=154.752)",range,154.8882,155.00824432514702,154.768155674853,0.0015500770897590164,-0.0003513145233681434,-0.00014033214811505685,154.87066666666666,0.0005694429917837543,"buy position closed because range state returned to middle band: latest close 154.867 >= middle 154.8626 (bollinger_period=20, bollinger_sigma=2.0, bollinger_extreme_sigma=3.0, range_ma_period=10, range_slope_lookback=5, range_slope_threshold=0.0005, range_band_width_threshold=0.003, range_middle_distance_threshold=0.002, trend_ma_period=15, trend_slope_lookback=2, trend_slope_threshold=0.0003, trend_price_position_filter_enabled=True, range_require_reentry_confirmation=True, trend_require_break_confirmation=True, exit_on_range_middle_band=True, close_on_opposite_trend_state=True, enable_range_failure_exit=True, range_failure_adverse_move_ratio=0.28, enable_range_extreme_touch_entry=False, state=range, middle=154.8626, upper=154.97696328082034, lower=154.74823671917963, upper_3sigma=155.03414492123053, lower_3sigma=154.69105507876944, previous_upper=154.99519447065333, previous_lower=154.74200552934664, normalized_band_width=0.001477, latest_band_width=0.228727, distance_from_middle=0.000028, range_slope=-0.000216, trend_slope=-0.000029, trend_current_ma=154.84213333333335, latest_high=154.872, latest_low=154.806)",range,154.8626,154.97696328082034,154.74823671917963,0.0014769644939495567,-0.00021637765716609624,-2.9277130427764452e-05,154.84213333333335,2.8412282888211593e-05,,,,,,,,,,,,,,,,,,,,,,,,,,,,,,,,,,,,,,7.200000000000273,4.000000000002046,4,middle_touch_exit,144,148,0,0,0,3,3
legacy,,2026-02-02 14:20:00,2026-02-02 15:05:00,sell,154.926,155.063,-13.700000000000045,signal_close,T-0005,"range mean-reversion sell confirmed by reentry from outside upper band; previous_close=154.957, latest_close=154.926, previous_upper=154.91406832699013, latest_upper=154.93064802264252; range because abs(range_slope)=0.000342 <= threshold=0.000500 and normalized_band_width=0.001511 <= threshold=0.003000 and distance_from_middle=0.000725 <= threshold=0.002000 (bollinger_period=20, bollinger_sigma=2.0, bollinger_extreme_sigma=3.0, range_ma_period=10, range_slope_lookback=5, range_slope_threshold=0.0005, range_band_width_threshold=0.003, range_middle_distance_threshold=0.002, trend_ma_period=15, trend_slope_lookback=2, trend_slope_threshold=0.0003, trend_price_position_filter_enabled=True, range_require_reentry_confirmation=True, trend_require_break_confirmation=True, exit_on_range_middle_band=True, close_on_opposite_trend_state=True, enable_range_failure_exit=True, range_failure_adverse_move_ratio=0.28, enable_range_extreme_touch_entry=False, state=range, middle=154.81369999999998, upper=154.93064802264252, lower=154.69675197735745, upper_3sigma=154.9891220339638, lower_3sigma=154.63827796603616, previous_upper=154.91406832699013, previous_lower=154.70343167300987, normalized_band_width=0.001511, latest_band_width=0.233896, distance_from_middle=0.000725, range_slope=0.000342, trend_slope=0.000135, trend_current_ma=154.82153333333332, latest_high=154.986, latest_low=154.919)",range,154.81369999999998,154.93064802264252,154.69675197735745,0.0015108226551336496,0.0003416266595370278,0.00013477883998036982,154.82153333333332,0.000725387998607389,"sell position closed because range recovery failed and adverse move resumed (entry_price=154.926, previous_close=155.04, latest_close=155.063, middle=154.89875, band_width=0.3612929559236022) (bollinger_period=20, bollinger_sigma=2.0, bollinger_extreme_sigma=3.0, range_ma_period=10, range_slope_lookback=5, range_slope_threshold=0.0005, range_band_width_threshold=0.003, range_middle_distance_threshold=0.002, trend_ma_period=15, trend_slope_lookback=2, trend_slope_threshold=0.0003, trend_price_position_filter_enabled=True, range_require_reentry_confirmation=True, trend_require_break_confirmation=True, exit_on_range_middle_band=True, close_on_opposite_trend_state=True, enable_range_failure_exit=True, range_failure_adverse_move_ratio=0.28, enable_range_extreme_touch_entry=False, state=range, middle=154.89875, upper=155.0793964779618, lower=154.7181035220382, upper_3sigma=155.1697197169427, lower_3sigma=154.62778028305732, previous_upper=155.05543435780703, previous_lower=154.71406564219296, normalized_band_width=0.002332, latest_band_width=0.361293, distance_from_middle=0.001060, range_slope=0.000486, trend_slope=0.000186, trend_current_ma=154.92606666666669, latest_high=155.075, latest_low=155.026)",range,154.89875,155.0793964779618,154.7181035220382,0.0023324459101419616,0.0004859052000890412,0.00018632543436861078,154.92606666666669,0.0010603700804556612,,,,,,,,,,,,,,,,,,,,,,,,,,,,,,,,,,,,,,3.099999999997749,14.900000000000091,9,range_failure_exit,172,181,6,0,9,9,9
legacy,,2026-02-03 01:00:00,2026-02-03 01:15:00,buy,155.552,155.513,-3.8999999999987267,signal_close,T-0006,"range mean-reversion buy confirmed by reentry from outside lower band; previous_close=155.539, latest_close=155.552, previous_lower=155.54244535138633, latest_lower=155.53883863233236; range because abs(range_slope)=0.000100 <= threshold=0.000500 and normalized_band_width=0.000519 <= threshold=0.003000 and distance_from_middle=0.000175 <= threshold=0.002000 (bollinger_period=20, bollinger_sigma=2.0, bollinger_extreme_sigma=3.0, range_ma_period=10, range_slope_lookback=5, range_slope_threshold=0.0005, range_band_width_threshold=0.003, range_middle_distance_threshold=0.002, trend_ma_period=15, trend_slope_lookback=2, trend_slope_threshold=0.0003, trend_price_position_filter_enabled=True, range_require_reentry_confirmation=True, trend_require_break_confirmation=True, exit_on_range_middle_band=True, close_on_opposite_trend_state=True, enable_range_failure_exit=True, range_failure_adverse_move_ratio=0.28, enable_range_extreme_touch_entry=False, state=range, middle=155.5792, upper=155.61956136766761, lower=155.53883863233236, upper_3sigma=155.6397420515014, lower_3sigma=155.51865794849857, previous_upper=155.61935464861364, previous_lower=155.54244535138633, normalized_band_width=0.000519, latest_band_width=0.080723, distance_from_middle=0.000175, range_slope=-0.000100, trend_slope=-0.000027, trend_current_ma=155.58006666666668, latest_high=155.58, latest_low=155.524)",range,155.5792,155.61956136766761,155.53883863233236,0.0005188530043557064,-9.963174820295151e-05,-2.6567242332886788e-05,155.58006666666668,0.00017483056861067195,"buy position closed because range recovery failed and adverse move resumed (entry_price=155.552, previous_close=155.528, latest_close=155.513, middle=155.5729, band_width=0.10787325896626498) (bollinger_period=20, bollinger_sigma=2.0, bollinger_extreme_sigma=3.0, range_ma_period=10, range_slope_lookback=5, range_slope_threshold=0.0005, range_band_width_threshold=0.003, range_middle_distance_threshold=0.002, trend_ma_period=15, trend_slope_lookback=2, trend_slope_threshold=0.0003, trend_price_position_filter_enabled=True, range_require_reentry_confirmation=True, trend_require_break_confirmation=True, exit_on_range_middle_band=True, close_on_opposite_trend_state=True, enable_range_failure_exit=True, range_failure_adverse_move_ratio=0.28, enable_range_extreme_touch_entry=False, state=range, middle=155.5729, upper=155.62683662948314, lower=155.51896337051687, upper_3sigma=155.6538049442247, lower_3sigma=155.4919950557753, previous_upper=155.6227590141953, previous_lower=155.5298409858047, normalized_band_width=0.000693, latest_band_width=0.107873, distance_from_middle=0.000385, range_slope=-0.000121, trend_slope=-0.000078, trend_current_ma=155.5658, latest_high=155.548, latest_low=155.513)",range,155.5729,155.62683662948314,155.51896337051687,0.0006933936371068803,-0.00012085337913761353,-7.756632027521046e-05,155.5658,0.00038502849789390665,,,,,,,,,,,,,,,,,,,,,,,,,,,,,,,,,,,,,,1.6999999999995907,4.200000000000159,3,range_failure_exit,299,302,0,0,2,1,2
legacy,,2026-02-03 01:20:00,2026-02-03 02:20:00,buy,155.509,155.551,4.200000000000159,signal_close,T-0007,"range mean-reversion buy confirmed by reentry from outside lower band; previous_close=155.513, latest_close=155.509, previous_lower=155.51896337051687, latest_lower=155.50886832510972; range because abs(range_slope)=0.000150 <= threshold=0.000500 and normalized_band_width=0.000779 <= threshold=0.003000 and distance_from_middle=0.000389 <= threshold=0.002000 (bollinger_period=20, bollinger_sigma=2.0, bollinger_extreme_sigma=3.0, range_ma_period=10, range_slope_lookback=5, range_slope_threshold=0.0005, range_band_width_threshold=0.003, range_middle_distance_threshold=0.002, trend_ma_period=15, trend_slope_lookback=2, trend_slope_threshold=0.0003, trend_price_position_filter_enabled=True, range_require_reentry_confirmation=True, trend_require_break_confirmation=True, exit_on_range_middle_band=True, close_on_opposite_trend_state=True, enable_range_failure_exit=True, range_failure_adverse_move_ratio=0.28, enable_range_extreme_touch_entry=False, state=range, middle=155.5695, upper=155.6301316748903, lower=155.50886832510972, upper_3sigma=155.66044751233542, lower_3sigma=155.4785524876646, previous_upper=155.62683662948314, previous_lower=155.51896337051687, normalized_band_width=0.000779, latest_band_width=0.121263, distance_from_middle=0.000389, range_slope=-0.000150, trend_slope=-0.000072, trend_current_ma=155.56133333333335, latest_high=155.524, latest_low=155.497)",range,155.5695,155.6301316748903,155.50886832510972,0.0007794802308972957,-0.00015043191316613157,-7.242588132425438e-05,155.56133333333335,0.0003888937098854137,"buy position closed because range state returned to middle band: latest close 155.551 >= middle 155.52339999999998 (bollinger_period=20, bollinger_sigma=2.0, bollinger_extreme_sigma=3.0, range_ma_period=10, range_slope_lookback=5, range_slope_threshold=0.0005, range_band_width_threshold=0.003, range_middle_distance_threshold=0.002, trend_ma_period=15, trend_slope_lookback=2, trend_slope_threshold=0.0003, trend_price_position_filter_enabled=True, range_require_reentry_confirmation=True, trend_require_break_confirmation=True, exit_on_range_middle_band=True, close_on_opposite_trend_state=True, enable_range_failure_exit=True, range_failure_adverse_move_ratio=0.28, enable_range_extreme_touch_entry=False, state=range, middle=155.52339999999998, upper=155.58331126772148, lower=155.46348873227848, upper_3sigma=155.61326690158225, lower_3sigma=155.4335330984177, previous_upper=155.59304004384006, previous_lower=155.4584599561599, normalized_band_width=0.000770, latest_band_width=0.119823, distance_from_middle=0.000177, range_slope=-0.000042, trend_slope=-0.000023, trend_current_ma=155.5124, latest_high=155.553, latest_low=155.504)",range,155.52339999999998,155.58331126772148,155.46348873227848,0.0007704469902471685,-4.179808950589402e-05,-2.2720589054689652e-05,155.5124,0.00017746525603225453,,,,,,,,,,,,,,,,,,,,,,,,,,,,,,,,,,,,,,5.60000000000116,8.999999999997499,12,middle_touch_exit,303,315,4,4,9,8,11
legacy,,2026-02-03 04:10:00,2026-02-03 04:20:00,buy,155.465,155.4,-6.499999999999773,signal_close,T-0008,"range mean-reversion buy confirmed by reentry from outside lower band; previous_close=155.438, latest_close=155.465, previous_lower=155.43976661320505, latest_lower=155.43354039200662; range because abs(range_slope)=0.000289 <= threshold=0.000500 and normalized_band_width=0.001084 <= threshold=0.003000 and distance_from_middle=0.000340 <= threshold=0.002000 (bollinger_period=20, bollinger_sigma=2.0, bollinger_extreme_sigma=3.0, range_ma_period=10, range_slope_lookback=5, range_slope_threshold=0.0005, range_band_width_threshold=0.003, range_middle_distance_threshold=0.002, trend_ma_period=15, trend_slope_lookback=2, trend_slope_threshold=0.0003, trend_price_position_filter_enabled=True, range_require_reentry_confirmation=True, trend_require_break_confirmation=True, exit_on_range_middle_band=True, close_on_opposite_trend_state=True, enable_range_failure_exit=True, range_failure_adverse_move_ratio=0.28, enable_range_extreme_touch_entry=False, state=range, middle=155.51785, upper=155.6021596079934, lower=155.43354039200662, upper_3sigma=155.64431441199008, lower_3sigma=155.39138558800994, previous_upper=155.60603338679493, previous_lower=155.43976661320505, normalized_band_width=0.001084, latest_band_width=0.168619, distance_from_middle=0.000340, range_slope=-0.000289, trend_slope=-0.000054, trend_current_ma=155.5096, latest_high=155.491, latest_low=155.432)",range,155.51785,155.6021596079934,155.43354039200662,0.0010842434870774003,-0.00028941233218096303,-5.44446559354761e-05,155.5096,0.0003398323729398683,"buy position closed because range recovery failed and adverse move resumed (entry_price=155.465, previous_close=155.427, latest_close=155.4, middle=155.50195000000002, band_width=0.19314025991491235) (bollinger_period=20, bollinger_sigma=2.0, bollinger_extreme_sigma=3.0, range_ma_period=10, range_slope_lookback=5, range_slope_threshold=0.0005, range_band_width_threshold=0.003, range_middle_distance_threshold=0.002, trend_ma_period=15, trend_slope_lookback=2, trend_slope_threshold=0.0003, trend_price_position_filter_enabled=True, range_require_reentry_confirmation=True, trend_require_break_confirmation=True, exit_on_range_middle_band=True, close_on_opposite_trend_state=True, enable_range_failure_exit=True, range_failure_adverse_move_ratio=0.28, enable_range_extreme_touch_entry=False, state=range, middle=155.50195000000002, upper=155.59852012995748, lower=155.40537987004257, upper_3sigma=155.6468051949362, lower_3sigma=155.35709480506384, previous_upper=155.6003823044443, previous_lower=155.4211176955557, normalized_band_width=0.001242, latest_band_width=0.193140, distance_from_middle=0.000656, range_slope=-0.000303, trend_slope=-0.000136, trend_current_ma=155.4884, latest_high=155.446, latest_low=155.398)",range,155.50195000000002,155.59852012995748,155.40537987004257,0.0012420439738209863,-0.0003029603276345511,-0.0001363445761869903,155.4884,0.0006556187880603195,,,,,,,,,,,,,,,,,,,,,,,,,,,,,,,,,,,,,,1.8000000000000682,7.30000000000075,2,range_failure_exit,337,339,1,0,1,2,2
legacy,,2026-02-03 04:25:00,2026-02-03 04:40:00,buy,155.446,155.488,4.200000000000159,signal_close,T-0009,"range mean-reversion buy confirmed by reentry from outside lower band; previous_close=155.4, latest_close=155.446, previous_lower=155.40537987004257, latest_lower=155.39933311369975; range because abs(range_slope)=0.000317 <= threshold=0.000500 and normalized_band_width=0.001261 <= threshold=0.003000 and distance_from_middle=0.000330 <= threshold=0.002000 (bollinger_period=20, bollinger_sigma=2.0, bollinger_extreme_sigma=3.0, range_ma_period=10, range_slope_lookback=5, range_slope_threshold=0.0005, range_band_width_threshold=0.003, range_middle_distance_threshold=0.002, trend_ma_period=15, trend_slope_lookback=2, trend_slope_threshold=0.0003, trend_price_position_filter_enabled=True, range_require_reentry_confirmation=True, trend_require_break_confirmation=True, exit_on_range_middle_band=True, close_on_opposite_trend_state=True, enable_range_failure_exit=True, range_failure_adverse_move_ratio=0.28, enable_range_extreme_touch_entry=False, state=range, middle=155.49735, upper=155.59536688630027, lower=155.39933311369975, upper_3sigma=155.6443753294504, lower_3sigma=155.3503246705496, previous_upper=155.59852012995748, previous_lower=155.40537987004257, normalized_band_width=0.001261, latest_band_width=0.196034, distance_from_middle=0.000330, range_slope=-0.000317, trend_slope=-0.000103, trend_current_ma=155.4836, latest_high=155.448, latest_low=155.382)",range,155.49735,155.59536688630027,155.39933311369975,0.001260688832321033,-0.00031712643567246646,-0.00010333351341659192,155.4836,0.0003302307081118331,"buy position closed because range state returned to middle band: latest close 155.488 >= middle 155.4857 (bollinger_period=20, bollinger_sigma=2.0, bollinger_extreme_sigma=3.0, range_ma_period=10, range_slope_lookback=5, range_slope_threshold=0.0005, range_band_width_threshold=0.003, range_middle_distance_threshold=0.002, trend_ma_period=15, trend_slope_lookback=2, trend_slope_threshold=0.0003, trend_price_position_filter_enabled=True, range_require_reentry_confirmation=True, trend_require_break_confirmation=True, exit_on_range_middle_band=True, close_on_opposite_trend_state=True, enable_range_failure_exit=True, range_failure_adverse_move_ratio=0.28, enable_range_extreme_touch_entry=False, state=range, middle=155.4857, upper=155.57626511469655, lower=155.39513488530346, upper_3sigma=155.62154767204484, lower_3sigma=155.34985232795518, previous_upper=155.58886416354125, previous_lower=155.39133583645878, normalized_band_width=0.001165, latest_band_width=0.181130, distance_from_middle=0.000015, range_slope=-0.000194, trend_slope=-0.000055, trend_current_ma=155.46713333333335, latest_high=155.491, latest_low=155.444)",range,155.4857,155.57626511469655,155.39513488530346,0.0011649317550944604,-0.00019363301204837645,-5.5317158138716036e-05,155.46713333333335,1.4792357110596582e-05,,,,,,,,,,,,,,,,,,,,,,,,,,,,,,,,,,,,,,4.500000000001592,4.300000000000637,3,middle_touch_exit,340,343,2,1,3,3,3
legacy,,2026-02-03 06:30:00,2026-02-03 07:05:00,buy,155.377,155.419,4.200000000000159,signal_close,T-0010,"range mean-reversion buy confirmed by reentry from outside lower band; previous_close=155.332, latest_close=155.377, previous_lower=155.34802308941568, latest_lower=155.33874329604214; range because abs(range_slope)=0.000255 <= threshold=0.000500 and normalized_band_width=0.001487 <= threshold=0.003000 and distance_from_middle=0.000498 <= threshold=0.002000 (bollinger_period=20, bollinger_sigma=2.0, bollinger_extreme_sigma=3.0, range_ma_period=10, range_slope_lookback=5, range_slope_threshold=0.0005, range_band_width_threshold=0.003, range_middle_distance_threshold=0.002, trend_ma_period=15, trend_slope_lookback=2, trend_slope_threshold=0.0003, trend_price_position_filter_enabled=True, range_require_reentry_confirmation=True, trend_require_break_confirmation=True, exit_on_range_middle_band=True, close_on_opposite_trend_state=True, enable_range_failure_exit=True, range_failure_adverse_move_ratio=0.28, enable_range_extreme_touch_entry=False, state=range, middle=155.45435, upper=155.56995670395787, lower=155.33874329604214, upper_3sigma=155.6277600559368, lower_3sigma=155.28093994406322, previous_upper=155.57537691058434, previous_lower=155.34802308941568, normalized_band_width=0.001487, latest_band_width=0.231213, distance_from_middle=0.000498, range_slope=-0.000255, trend_slope=-0.000130, trend_current_ma=155.43073333333334, latest_high=155.38, latest_low=155.303)",range,155.45435,155.56995670395787,155.33874329604214,0.0014873395817854677,-0.0002554441124315095,-0.0001299614276199572,155.43073333333334,0.0004975737250195673,"buy position closed because range state returned to middle band: latest close 155.419 >= middle 155.4161 (bollinger_period=20, bollinger_sigma=2.0, bollinger_extreme_sigma=3.0, range_ma_period=10, range_slope_lookback=5, range_slope_threshold=0.0005, range_band_width_threshold=0.003, range_middle_distance_threshold=0.002, trend_ma_period=15, trend_slope_lookback=2, trend_slope_threshold=0.0003, trend_price_position_filter_enabled=True, range_require_reentry_confirmation=True, trend_require_break_confirmation=True, exit_on_range_middle_band=True, close_on_opposite_trend_state=True, enable_range_failure_exit=True, range_failure_adverse_move_ratio=0.28, enable_range_extreme_touch_entry=False, state=range, middle=155.4161, upper=155.49660068322692, lower=155.33559931677308, upper_3sigma=155.53685102484036, lower_3sigma=155.29534897515964, previous_upper=155.5018441844495, previous_lower=155.3350558155505, normalized_band_width=0.001036, latest_band_width=0.161001, distance_from_middle=0.000019, range_slope=-0.000136, trend_slope=0.000002, trend_current_ma=155.40873333333332, latest_high=155.428, latest_low=155.409)",range,155.4161,155.49660068322692,155.33559931677308,0.0010359375023168864,-0.00013578929619950797,2.1448816045686227e-06,155.40873333333332,1.865958546129394e-05,,,,,,,,,,,,,,,,,,,,,,,,,,,,,,,,,,,,,,6.699999999997885,2.5000000000005684,7,middle_touch_exit,365,372,0,0,1,3,3
legacy,,2026-02-03 09:20:00,2026-02-03 09:30:00,sell,155.481,155.371,10.999999999998522,signal_close,T-0011,"range mean-reversion sell confirmed by reentry from outside upper band; previous_close=155.489, latest_close=155.481, previous_upper=155.48257689495975, latest_upper=155.49003244599191; range because abs(range_slope)=0.000083 <= threshold=0.000500 and normalized_band_width=0.000751 <= threshold=0.003000 and distance_from_middle=0.000318 <= threshold=0.002000 (bollinger_period=20, bollinger_sigma=2.0, bollinger_extreme_sigma=3.0, range_ma_period=10, range_slope_lookback=5, range_slope_threshold=0.0005, range_band_width_threshold=0.003, range_middle_distance_threshold=0.002, trend_ma_period=15, trend_slope_lookback=2, trend_slope_threshold=0.0003, trend_price_position_filter_enabled=True, range_require_reentry_confirmation=True, trend_require_break_confirmation=True, exit_on_range_middle_band=True, close_on_opposite_trend_state=True, enable_range_failure_exit=True, range_failure_adverse_move_ratio=0.28, enable_range_extreme_touch_entry=False, state=range, middle=155.43165, upper=155.49003244599191, lower=155.37326755400807, upper_3sigma=155.51922366898788, lower_3sigma=155.3440763310121, previous_upper=155.48257689495975, previous_lower=155.37472310504026, normalized_band_width=0.000751, latest_band_width=0.116765, distance_from_middle=0.000318, range_slope=0.000083, trend_slope=0.000033, trend_current_ma=155.43019999999999, latest_high=155.525, latest_low=155.473)",range,155.43165,155.49003244599191,155.37326755400807,0.0007512298298567148,8.299609467989828e-05,3.25976976589127e-05,155.43019999999999,0.00031750290240117765,"sell position closed because range state returned to middle band: latest close 155.371 <= middle 155.43005 (bollinger_period=20, bollinger_sigma=2.0, bollinger_extreme_sigma=3.0, range_ma_period=10, range_slope_lookback=5, range_slope_threshold=0.0005, range_band_width_threshold=0.003, range_middle_distance_threshold=0.002, trend_ma_period=15, trend_slope_lookback=2, trend_slope_threshold=0.0003, trend_price_position_filter_enabled=True, range_require_reentry_confirmation=True, trend_require_break_confirmation=True, exit_on_range_middle_band=True, close_on_opposite_trend_state=True, enable_range_failure_exit=True, range_failure_adverse_move_ratio=0.28, enable_range_extreme_touch_entry=False, state=range, middle=155.43005, upper=155.4938699811971, lower=155.3662300188029, upper_3sigma=155.52577997179566, lower_3sigma=155.33432002820433, previous_upper=155.49185376818087, previous_lower=155.3757462318191, normalized_band_width=0.000821, latest_band_width=0.127640, distance_from_middle=0.000380, range_slope=0.000069, trend_slope=-0.000005, trend_current_ma=155.4294, latest_high=155.46, latest_low=155.358)",range,155.43005,155.4938699811971,155.3662300188029,0.0008212051813288254,6.948371668393492e-05,-5.147031385298635e-06,155.4294,0.0003799136653432522,,,,,,,,,,,,,,,,,,,,,,,,,,,,,,,,,,,,,,12.299999999999045,1.099999999999568,2,middle_touch_exit,399,401,0,0,0,0,0
legacy,,2026-02-03 10:20:00,2026-02-03 11:10:00,sell,155.533,155.674,-14.100000000001955,signal_close,T-0012,"range mean-reversion sell confirmed by reentry from outside upper band; previous_close=155.575, latest_close=155.533, previous_upper=155.52136303594102, latest_upper=155.53639328193313; range because abs(range_slope)=0.000086 <= threshold=0.000500 and normalized_band_width=0.001341 <= threshold=0.003000 and distance_from_middle=0.000649 <= threshold=0.002000 (bollinger_period=20, bollinger_sigma=2.0, bollinger_extreme_sigma=3.0, range_ma_period=10, range_slope_lookback=5, range_slope_threshold=0.0005, range_band_width_threshold=0.003, range_middle_distance_threshold=0.002, trend_ma_period=15, trend_slope_lookback=2, trend_slope_threshold=0.0003, trend_price_position_filter_enabled=True, range_require_reentry_confirmation=True, trend_require_break_confirmation=True, exit_on_range_middle_band=True, close_on_opposite_trend_state=True, enable_range_failure_exit=True, range_failure_adverse_move_ratio=0.28, enable_range_extreme_touch_entry=False, state=range, middle=155.4322, upper=155.53639328193313, lower=155.32800671806686, upper_3sigma=155.5884899228997, lower_3sigma=155.2759100771003, previous_upper=155.52136303594102, previous_lower=155.325736964059, normalized_band_width=0.001341, latest_band_width=0.208387, distance_from_middle=0.000649, range_slope=0.000086, trend_slope=0.000095, trend_current_ma=155.43673333333334, latest_high=155.577, latest_low=155.517)",range,155.4322,155.53639328193313,155.32800671806686,0.0013406910785942043,8.556780025764765e-05,9.478668920392e-05,155.43673333333334,0.0006485142718175027,"sell position closed because range recovery failed and adverse move resumed (entry_price=155.533, previous_close=155.578, latest_close=155.674, middle=155.48615, band_width=0.32056768396080315) (bollinger_period=20, bollinger_sigma=2.0, bollinger_extreme_sigma=3.0, range_ma_period=10, range_slope_lookback=5, range_slope_threshold=0.0005, range_band_width_threshold=0.003, range_middle_distance_threshold=0.002, trend_ma_period=15, trend_slope_lookback=2, trend_slope_threshold=0.0003, trend_price_position_filter_enabled=True, range_require_reentry_confirmation=True, trend_require_break_confirmation=True, exit_on_range_middle_band=True, close_on_opposite_trend_state=True, enable_range_failure_exit=True, range_failure_adverse_move_ratio=0.28, enable_range_extreme_touch_entry=False, state=range, middle=155.48615, upper=155.6464338419804, lower=155.3258661580196, upper_3sigma=155.72657576297064, lower_3sigma=155.24572423702938, previous_upper=155.6137136994125, previous_lower=155.3282863005875, normalized_band_width=0.002062, latest_band_width=0.320568, distance_from_middle=0.001208, range_slope=0.000322, trend_slope=0.000197, trend_current_ma=155.5174, latest_high=155.693, latest_low=155.578)",range,155.48615,155.6464338419804,155.3258661580196,0.0020617121458136505,0.0003221036389355992,0.00019676254875655477,155.5174,0.00120814619179906,,,,,,,,,,,,,,,,,,,,,,,,,,,,,,,,,,,,,,9.299999999998931,16.0000000000025,10,range_failure_exit,411,421,0,0,10,10,10
legacy,,2026-02-03 11:15:00,2026-02-03 11:50:00,sell,155.633,155.833,-19.999999999998863,sl_hit,T-0013,"range mean-reversion sell confirmed by reentry from outside upper band; previous_close=155.674, latest_close=155.633, previous_upper=155.6464338419804, latest_upper=155.66448361314332; range because abs(range_slope)=0.000336 <= threshold=0.000500 and normalized_band_width=0.002139 <= threshold=0.003000 and distance_from_middle=0.000867 <= threshold=0.002000 (bollinger_period=20, bollinger_sigma=2.0, bollinger_extreme_sigma=3.0, range_ma_period=10, range_slope_lookback=5, range_slope_threshold=0.0005, range_band_width_threshold=0.003, range_middle_distance_threshold=0.002, trend_ma_period=15, trend_slope_lookback=2, trend_slope_threshold=0.0003, trend_price_position_filter_enabled=True, range_require_reentry_confirmation=True, trend_require_break_confirmation=True, exit_on_range_middle_band=True, close_on_opposite_trend_state=True, enable_range_failure_exit=True, range_failure_adverse_move_ratio=0.28, enable_range_extreme_touch_entry=False, state=range, middle=155.4982, upper=155.66448361314332, lower=155.33191638685668, upper_3sigma=155.747625419715, lower_3sigma=155.248774580285, previous_upper=155.6464338419804, previous_lower=155.3258661580196, normalized_band_width=0.002139, latest_band_width=0.332567, distance_from_middle=0.000867, range_slope=0.000336, trend_slope=0.000208, trend_current_ma=155.53213333333332, latest_high=155.729, latest_low=155.63)",range,155.4982,155.66448361314332,155.33191638685668,0.002138720745877714,0.0003362228353806869,0.00020831708088596778,155.53213333333332,0.000866891063690851,,,,,,,,,,,,,,,,,,,,,,,,,,,,,,,,,,,,,,,,,,,,,,,,1.6999999999995907,23.399999999998045,7,,422,429,5,6,6,4,6
legacy,,2026-02-03 15:05:00,2026-02-03 15:10:00,buy,155.852,155.802,-5.000000000001137,signal_close,T-0014,"range mean-reversion buy confirmed by reentry from outside lower band; previous_close=155.832, latest_close=155.852, previous_lower=155.85684071781728, latest_lower=155.8480828541327; range because abs(range_slope)=0.000153 <= threshold=0.000500 and normalized_band_width=0.000744 <= threshold=0.003000 and distance_from_middle=0.000347 <= threshold=0.002000 (bollinger_period=20, bollinger_sigma=2.0, bollinger_extreme_sigma=3.0, range_ma_period=10, range_slope_lookback=5, range_slope_threshold=0.0005, range_band_width_threshold=0.003, range_middle_distance_threshold=0.002, trend_ma_period=15, trend_slope_lookback=2, trend_slope_threshold=0.0003, trend_price_position_filter_enabled=True, range_require_reentry_confirmation=True, trend_require_break_confirmation=True, exit_on_range_middle_band=True, close_on_opposite_trend_state=True, enable_range_failure_exit=True, range_failure_adverse_move_ratio=0.28, enable_range_extreme_touch_entry=False, state=range, middle=155.90605, upper=155.96401714586727, lower=155.8480828541327, upper_3sigma=155.99300071880094, lower_3sigma=155.81909928119904, previous_upper=155.96215928218274, previous_lower=155.85684071781728, normalized_band_width=0.000744, latest_band_width=0.115934, distance_from_middle=0.000347, range_slope=-0.000153, trend_slope=-0.000073, trend_current_ma=155.90566666666666, latest_high=155.853, latest_low=155.791)",range,155.90605,155.96401714586727,155.8480828541327,0.0007436163749550525,-0.00015266196279662778,-7.312113949252833e-05,155.90566666666666,0.00034668314667705004,"buy position closed because range recovery failed and adverse move resumed (entry_price=155.852, previous_close=155.852, latest_close=155.802, middle=155.90155, band_width=0.14703727418583412) (bollinger_period=20, bollinger_sigma=2.0, bollinger_extreme_sigma=3.0, range_ma_period=10, range_slope_lookback=5, range_slope_threshold=0.0005, range_band_width_threshold=0.003, range_middle_distance_threshold=0.002, trend_ma_period=15, trend_slope_lookback=2, trend_slope_threshold=0.0003, trend_price_position_filter_enabled=True, range_require_reentry_confirmation=True, trend_require_break_confirmation=True, exit_on_range_middle_band=True, close_on_opposite_trend_state=True, enable_range_failure_exit=True, range_failure_adverse_move_ratio=0.28, enable_range_extreme_touch_entry=False, state=range, middle=155.90155, upper=155.9750686370929, lower=155.82803136290707, upper_3sigma=156.01182795563938, lower_3sigma=155.7912720443606, previous_upper=155.96401714586727, previous_lower=155.8480828541327, normalized_band_width=0.000943, latest_band_width=0.147037, distance_from_middle=0.000639, range_slope=-0.000198, trend_slope=-0.000097, trend_current_ma=155.89573333333334, latest_high=155.864, latest_low=155.802)",range,155.90155,155.9750686370929,155.82803136290707,0.0009431418365361611,-0.00019757990278811719,-9.707342856501599e-05,155.89573333333334,0.0006385440042128741,,,,,,,,,,,,,,,,,,,,,,,,,,,,,,,,,,,,,,1.2000000000000455,5.000000000001137,1,range_failure_exit,468,469,0,0,1,1,1
legacy,,2026-02-03 15:15:00,2026-02-03 15:35:00,buy,155.817,155.885,6.799999999998363,signal_close,T-0015,"range mean-reversion buy confirmed by reentry from outside lower band; previous_close=155.802, latest_close=155.817, previous_lower=155.82803136290707, latest_lower=155.81578315753904; range because abs(range_slope)=0.000269 <= threshold=0.000500 and normalized_band_width=0.001054 <= threshold=0.003000 and distance_from_middle=0.000519 <= threshold=0.002000 (bollinger_period=20, bollinger_sigma=2.0, bollinger_extreme_sigma=3.0, range_ma_period=10, range_slope_lookback=5, range_slope_threshold=0.0005, range_band_width_threshold=0.003, range_middle_distance_threshold=0.002, trend_ma_period=15, trend_slope_lookback=2, trend_slope_threshold=0.0003, trend_price_position_filter_enabled=True, range_require_reentry_confirmation=True, trend_require_break_confirmation=True, exit_on_range_middle_band=True, close_on_opposite_trend_state=True, enable_range_failure_exit=True, range_failure_adverse_move_ratio=0.28, enable_range_extreme_touch_entry=False, state=range, middle=155.89794999999998, upper=155.98011684246092, lower=155.81578315753904, upper_3sigma=156.02120026369138, lower_3sigma=155.77469973630858, previous_upper=155.9750686370929, previous_lower=155.82803136290707, normalized_band_width=0.001054, latest_band_width=0.164334, distance_from_middle=0.000519, range_slope=-0.000269, trend_slope=-0.000101, trend_current_ma=155.88993333333335, latest_high=155.817, latest_low=155.774)",range,155.89794999999998,155.98011684246092,155.81578315753904,0.001054110621222866,-0.0002694468448736878,-0.00010092590969086914,155.88993333333335,0.0005192499324075333,"buy position closed because range state returned to middle band: latest close 155.885 >= middle 155.8832 (bollinger_period=20, bollinger_sigma=2.0, bollinger_extreme_sigma=3.0, range_ma_period=10, range_slope_lookback=5, range_slope_threshold=0.0005, range_band_width_threshold=0.003, range_middle_distance_threshold=0.002, trend_ma_period=15, trend_slope_lookback=2, trend_slope_threshold=0.0003, trend_price_position_filter_enabled=True, range_require_reentry_confirmation=True, trend_require_break_confirmation=True, exit_on_range_middle_band=True, close_on_opposite_trend_state=True, enable_range_failure_exit=True, range_failure_adverse_move_ratio=0.28, enable_range_extreme_touch_entry=False, state=range, middle=155.8832, upper=155.96652250596327, lower=155.7998774940367, upper_3sigma=156.0081837589449, lower_3sigma=155.75821624105507, previous_upper=155.97491832389275, previous_lower=155.79808167610727, normalized_band_width=0.001069, latest_band_width=0.166645, distance_from_middle=0.000012, range_slope=-0.000237, trend_slope=-0.000047, trend_current_ma=155.87273333333331, latest_high=155.896, latest_low=155.851)",range,155.8832,155.96652250596327,155.7998774940367,0.0010690376636261119,-0.00023740883019690264,-4.704692845583899e-05,155.87273333333331,1.1547107064795375e-05,,,,,,,,,,,,,,,,,,,,,,,,,,,,,,,,,,,,,,7.899999999997931,0.9000000000014552,4,middle_touch_exit,470,474,4,0,4,4,4
legacy,,2026-02-03 16:15:00,2026-02-03 16:30:00,sell,155.973,155.897,7.600000000002183,signal_close,T-0016,"range mean-reversion sell confirmed by reentry from outside upper band; previous_close=156.027, latest_close=155.973, previous_upper=156.01886963259219, latest_upper=156.0247556628653; range because abs(range_slope)=0.000494 <= threshold=0.000500 and normalized_band_width=0.001742 <= threshold=0.003000 and distance_from_middle=0.000539 <= threshold=0.002000 (bollinger_period=20, bollinger_sigma=2.0, bollinger_extreme_sigma=3.0, range_ma_period=10, range_slope_lookback=5, range_slope_threshold=0.0005, range_band_width_threshold=0.003, range_middle_distance_threshold=0.002, trend_ma_period=15, trend_slope_lookback=2, trend_slope_threshold=0.0003, trend_price_position_filter_enabled=True, range_require_reentry_confirmation=True, trend_require_break_confirmation=True, exit_on_range_middle_band=True, close_on_opposite_trend_state=True, enable_range_failure_exit=True, range_failure_adverse_move_ratio=0.28, enable_range_extreme_touch_entry=False, state=range, middle=155.88899999999998, upper=156.0247556628653, lower=155.75324433713467, upper_3sigma=156.09263349429793, lower_3sigma=155.68536650570204, previous_upper=156.01886963259219, previous_lower=155.75513036740782, normalized_band_width=0.001742, latest_band_width=0.271511, distance_from_middle=0.000539, range_slope=0.000494, trend_slope=0.000124, trend_current_ma=155.8906, latest_high=156.032, latest_low=155.963)",range,155.88899999999998,156.0247556628653,155.75324433713467,0.001741696500270156,0.0004938382455273852,0.00012444624627777628,155.8906,0.0005388449473665982,"sell position closed because range state returned to middle band: latest close 155.897 <= middle 155.89785 (bollinger_period=20, bollinger_sigma=2.0, bollinger_extreme_sigma=3.0, range_ma_period=10, range_slope_lookback=5, range_slope_threshold=0.0005, range_band_width_threshold=0.003, range_middle_distance_threshold=0.002, trend_ma_period=15, trend_slope_lookback=2, trend_slope_threshold=0.0003, trend_price_position_filter_enabled=True, range_require_reentry_confirmation=True, trend_require_break_confirmation=True, exit_on_range_middle_band=True, close_on_opposite_trend_state=True, enable_range_failure_exit=True, range_failure_adverse_move_ratio=0.28, enable_range_extreme_touch_entry=False, state=range, middle=155.89785, upper=156.04840401024217, lower=155.74729598975784, upper_3sigma=156.12368101536325, lower_3sigma=155.67201898463676, previous_upper=156.0486641391567, previous_lower=155.7475358608433, normalized_band_width=0.001931, latest_band_width=0.301108, distance_from_middle=0.000005, range_slope=0.000392, trend_slope=0.000106, trend_current_ma=155.91846666666666, latest_high=155.986, latest_low=155.897)",range,155.89785,156.04840401024217,155.74729598975784,0.0019314443431023651,0.0003917924923325399,0.000106038326869003,155.91846666666666,5.452288149028394e-06,,,,,,,,,,,,,,,,,,,,,,,,,,,,,,,,,,,,,,7.600000000002183,8.099999999998886,3,middle_touch_exit,482,485,0,0,3,3,3
legacy,,2026-02-03 19:20:00,2026-02-03 19:50:00,buy,155.634,155.698,6.400000000002137,signal_close,T-0017,"range mean-reversion buy confirmed by reentry from outside lower band; previous_close=155.577, latest_close=155.634, previous_lower=155.62148450537234, latest_lower=155.6165313395265; range because abs(range_slope)=0.000294 <= threshold=0.000500 and normalized_band_width=0.001191 <= threshold=0.003000 and distance_from_middle=0.000483 <= threshold=0.002000 (bollinger_period=20, bollinger_sigma=2.0, bollinger_extreme_sigma=3.0, range_ma_period=10, range_slope_lookback=5, range_slope_threshold=0.0005, range_band_width_threshold=0.003, range_middle_distance_threshold=0.002, trend_ma_period=15, trend_slope_lookback=2, trend_slope_threshold=0.0003, trend_price_position_filter_enabled=True, range_require_reentry_confirmation=True, trend_require_break_confirmation=True, exit_on_range_middle_band=True, close_on_opposite_trend_state=True, enable_range_failure_exit=True, range_failure_adverse_move_ratio=0.28, enable_range_extreme_touch_entry=False, state=range, middle=155.70925, upper=155.8019686604735, lower=155.6165313395265, upper_3sigma=155.84832799071026, lower_3sigma=155.57017200928973, previous_upper=155.81511549462766, previous_lower=155.62148450537234, normalized_band_width=0.001191, latest_band_width=0.185437, distance_from_middle=0.000483, range_slope=-0.000294, trend_slope=-0.000099, trend_current_ma=155.70199999999997, latest_high=155.648, latest_low=155.527)",range,155.70925,155.8019686604735,155.6165313395265,0.0011909203913512962,-0.0002941883036383902,-9.890688623157095e-05,155.70199999999997,0.0004832725095009522,"buy position closed because range state returned to middle band: latest close 155.698 >= middle 155.6844 (bollinger_period=20, bollinger_sigma=2.0, bollinger_extreme_sigma=3.0, range_ma_period=10, range_slope_lookback=5, range_slope_threshold=0.0005, range_band_width_threshold=0.003, range_middle_distance_threshold=0.002, trend_ma_period=15, trend_slope_lookback=2, trend_slope_threshold=0.0003, trend_price_position_filter_enabled=True, range_require_reentry_confirmation=True, trend_require_break_confirmation=True, exit_on_range_middle_band=True, close_on_opposite_trend_state=True, enable_range_failure_exit=True, range_failure_adverse_move_ratio=0.28, enable_range_extreme_touch_entry=False, state=range, middle=155.6844, upper=155.7799372178787, lower=155.5888627821213, upper_3sigma=155.82770582681803, lower_3sigma=155.541094173182, previous_upper=155.78752337632693, previous_lower=155.58697662367308, normalized_band_width=0.001227, latest_band_width=0.191074, distance_from_middle=0.000087, range_slope=-0.000183, trend_slope=-0.000033, trend_current_ma=155.6686, latest_high=155.698, latest_low=155.651)",range,155.6844,155.7799372178787,155.5888627821213,0.0012273190875733235,-0.000183105939314247,-3.254777563788929e-05,155.6686,8.735621552317845e-05,,,,,,,,,,,,,,,,,,,,,,,,,,,,,,,,,,,,,,6.400000000002137,2.399999999997249,6,middle_touch_exit,519,525,0,5,0,4,5
legacy,,2026-02-04 01:05:00,2026-02-04 01:10:00,buy,155.735,155.788,5.299999999999727,signal_close,T-0018,"range mean-reversion buy confirmed by reentry from outside lower band; previous_close=155.691, latest_close=155.735, previous_lower=155.7114219701353, latest_lower=155.71098934284612; range because abs(range_slope)=0.000035 <= threshold=0.000500 and normalized_band_width=0.000414 <= threshold=0.003000 and distance_from_middle=0.000053 <= threshold=0.002000 (bollinger_period=20, bollinger_sigma=2.0, bollinger_extreme_sigma=3.0, range_ma_period=10, range_slope_lookback=5, range_slope_threshold=0.0005, range_band_width_threshold=0.003, range_middle_distance_threshold=0.002, trend_ma_period=15, trend_slope_lookback=2, trend_slope_threshold=0.0003, trend_price_position_filter_enabled=True, range_require_reentry_confirmation=True, trend_require_break_confirmation=True, exit_on_range_middle_band=True, close_on_opposite_trend_state=True, enable_range_failure_exit=True, range_failure_adverse_move_ratio=0.28, enable_range_extreme_touch_entry=False, state=range, middle=155.74325, upper=155.77551065715386, lower=155.71098934284612, upper_3sigma=155.7916409857308, lower_3sigma=155.69485901426918, previous_upper=155.77557802986468, previous_lower=155.7114219701353, normalized_band_width=0.000414, latest_band_width=0.064521, distance_from_middle=0.000053, range_slope=-0.000035, trend_slope=-0.000035, trend_current_ma=155.74226666666667, latest_high=155.77, latest_low=155.691)",range,155.74325,155.77551065715386,155.71098934284612,0.000414280004480065,-3.4672861551137394e-05,-3.467266860553845e-05,155.74226666666667,5.297179813555608e-05,"buy position closed because range state returned to middle band: latest close 155.788 >= middle 155.7446 (bollinger_period=20, bollinger_sigma=2.0, bollinger_extreme_sigma=3.0, range_ma_period=10, range_slope_lookback=5, range_slope_threshold=0.0005, range_band_width_threshold=0.003, range_middle_distance_threshold=0.002, trend_ma_period=15, trend_slope_lookback=2, trend_slope_threshold=0.0003, trend_price_position_filter_enabled=True, range_require_reentry_confirmation=True, trend_require_break_confirmation=True, exit_on_range_middle_band=True, close_on_opposite_trend_state=True, enable_range_failure_exit=True, range_failure_adverse_move_ratio=0.28, enable_range_extreme_touch_entry=False, state=range, middle=155.7446, upper=155.78162647701308, lower=155.7075735229869, upper_3sigma=155.8001397155196, lower_3sigma=155.68906028448038, previous_upper=155.77551065715386, previous_lower=155.71098934284612, normalized_band_width=0.000475, latest_band_width=0.074053, distance_from_middle=0.000279, range_slope=-0.000013, trend_slope=0.000010, trend_current_ma=155.74506666666667, latest_high=155.789, latest_low=155.733)",range,155.7446,155.78162647701308,155.7075735229869,0.00047547686421341,-1.284151198536549e-05,9.845148653328001e-06,155.74506666666667,0.0002786613468461805,,,,,,,,,,,,,,,,,,,,,,,,,,,,,,,,,,,,,,5.3999999999973625,0.20000000000095497,1,middle_touch_exit,587,588,0,0,0,0,0
legacy,,2026-02-04 01:30:00,2026-02-04 02:00:00,sell,155.817,155.908,-9.099999999997976,signal_close,T-0019,"range mean-reversion sell confirmed by reentry from outside upper band; previous_close=155.841, latest_close=155.817, previous_upper=155.83768066769503, latest_upper=155.84460815877955; range because abs(range_slope)=0.000246 <= threshold=0.000500 and normalized_band_width=0.001045 <= threshold=0.003000 and distance_from_middle=0.000345 <= threshold=0.002000 (bollinger_period=20, bollinger_sigma=2.0, bollinger_extreme_sigma=3.0, range_ma_period=10, range_slope_lookback=5, range_slope_threshold=0.0005, range_band_width_threshold=0.003, range_middle_distance_threshold=0.002, trend_ma_period=15, trend_slope_lookback=2, trend_slope_threshold=0.0003, trend_price_position_filter_enabled=True, range_require_reentry_confirmation=True, trend_require_break_confirmation=True, exit_on_range_middle_band=True, close_on_opposite_trend_state=True, enable_range_failure_exit=True, range_failure_adverse_move_ratio=0.28, enable_range_extreme_touch_entry=False, state=range, middle=155.76325, upper=155.84460815877955, lower=155.68189184122045, upper_3sigma=155.88528723816935, lower_3sigma=155.64121276183064, previous_upper=155.83768066769503, previous_lower=155.68251933230502, normalized_band_width=0.001045, latest_band_width=0.162716, distance_from_middle=0.000345, range_slope=0.000246, trend_slope=0.000064, trend_current_ma=155.76966666666667, latest_high=155.856, latest_low=155.814)",range,155.76325,155.84460815877955,155.68189184122045,0.0010446386908279212,0.000245860018988305,6.419735121723038e-05,155.76966666666667,0.00034507497757017754,"sell position closed because range recovery failed and adverse move resumed (entry_price=155.817, previous_close=155.804, latest_close=155.908, middle=155.7858, band_width=0.19923292900523393) (bollinger_period=20, bollinger_sigma=2.0, bollinger_extreme_sigma=3.0, range_ma_period=10, range_slope_lookback=5, range_slope_threshold=0.0005, range_band_width_threshold=0.003, range_middle_distance_threshold=0.002, trend_ma_period=15, trend_slope_lookback=2, trend_slope_threshold=0.0003, trend_price_position_filter_enabled=True, range_require_reentry_confirmation=True, trend_require_break_confirmation=True, exit_on_range_middle_band=True, close_on_opposite_trend_state=True, enable_range_failure_exit=True, range_failure_adverse_move_ratio=0.28, enable_range_extreme_touch_entry=False, state=range, middle=155.7858, upper=155.8854164645026, lower=155.68618353549738, upper_3sigma=155.9352246967539, lower_3sigma=155.6363753032461, previous_upper=155.8611871758, previous_lower=155.6949128242, normalized_band_width=0.001279, latest_band_width=0.199233, distance_from_middle=0.000784, range_slope=0.000255, trend_slope=0.000093, trend_current_ma=155.79826666666668, latest_high=155.908, latest_low=155.805)",range,155.7858,155.8854164645026,155.68618353549738,0.0012788901748762335,0.00025477020305256096,9.285511948355271e-05,155.79826666666668,0.0007844103891368297,,,,,,,,,,,,,,,,,,,,,,,,,,,,,,,,,,,,,,5.200000000002092,9.099999999997976,6,range_failure_exit,592,598,0,0,6,3,6
legacy,,2026-02-04 02:05:00,2026-02-04 02:35:00,sell,155.873,155.947,-7.400000000001228,signal_close,T-0020,"range mean-reversion sell confirmed by reentry from outside upper band; previous_close=155.908, latest_close=155.873, previous_upper=155.8854164645026, latest_upper=155.89708551657282; range because abs(range_slope)=0.000231 <= threshold=0.000500 and normalized_band_width=0.001352 <= threshold=0.003000 and distance_from_middle=0.000521 <= threshold=0.002000 (bollinger_period=20, bollinger_sigma=2.0, bollinger_extreme_sigma=3.0, range_ma_period=10, range_slope_lookback=5, range_slope_threshold=0.0005, range_band_width_threshold=0.003, range_middle_distance_threshold=0.002, trend_ma_period=15, trend_slope_lookback=2, trend_slope_threshold=0.0003, trend_price_position_filter_enabled=True, range_require_reentry_confirmation=True, trend_require_break_confirmation=True, exit_on_range_middle_band=True, close_on_opposite_trend_state=True, enable_range_failure_exit=True, range_failure_adverse_move_ratio=0.28, enable_range_extreme_touch_entry=False, state=range, middle=155.79180000000002, upper=155.89708551657282, lower=155.68651448342723, upper_3sigma=155.9497282748592, lower_3sigma=155.63387172514084, previous_upper=155.8854164645026, previous_lower=155.68618353549738, normalized_band_width=0.001352, latest_band_width=0.210571, distance_from_middle=0.000521, range_slope=0.000231, trend_slope=0.000123, trend_current_ma=155.80666666666667, latest_high=155.917, latest_low=155.873)",range,155.79180000000002,155.89708551657282,155.68651448342723,0.0013516182054869631,0.00023102128091033526,0.00012280176286857567,155.80666666666667,0.0005212084333062912,"sell position closed because range recovery failed and adverse move resumed (entry_price=155.873, previous_close=155.936, latest_close=155.947, middle=155.8378, band_width=0.24971215428968208) (bollinger_period=20, bollinger_sigma=2.0, bollinger_extreme_sigma=3.0, range_ma_period=10, range_slope_lookback=5, range_slope_threshold=0.0005, range_band_width_threshold=0.003, range_middle_distance_threshold=0.002, trend_ma_period=15, trend_slope_lookback=2, trend_slope_threshold=0.0003, trend_price_position_filter_enabled=True, range_require_reentry_confirmation=True, trend_require_break_confirmation=True, exit_on_range_middle_band=True, close_on_opposite_trend_state=True, enable_range_failure_exit=True, range_failure_adverse_move_ratio=0.28, enable_range_extreme_touch_entry=False, state=range, middle=155.8378, upper=155.96265607714483, lower=155.71294392285515, upper_3sigma=156.02508411571725, lower_3sigma=155.65051588428273, previous_upper=155.94810593047288, previous_lower=155.70739406952708, normalized_band_width=0.001602, latest_band_width=0.249712, distance_from_middle=0.000701, range_slope=0.000274, trend_slope=0.000085, trend_current_ma=155.85713333333334, latest_high=155.95, latest_low=155.92)",range,155.8378,155.96265607714483,155.71294392285515,0.0016023850072940076,0.000273931299056614,8.469294742995474e-05,155.85713333333334,0.0007007285780472743,,,,,,,,,,,,,,,,,,,,,,,,,,,,,,,,,,,,,,3.6000000000001364,7.900000000000773,6,range_failure_exit,599,605,0,4,6,6,6
legacy,,2026-02-04 04:50:00,2026-02-04 05:15:00,sell,156.26,156.332,-7.200000000000273,signal_close,T-0021,"range mean-reversion sell confirmed by reentry from outside upper band; previous_close=156.254, latest_close=156.26, previous_upper=156.24679230738474, latest_upper=156.2624874509774; range because abs(range_slope)=0.000242 <= threshold=0.000500 and normalized_band_width=0.001327 <= threshold=0.003000 and distance_from_middle=0.000647 <= threshold=0.002000 (bollinger_period=20, bollinger_sigma=2.0, bollinger_extreme_sigma=3.0, range_ma_period=10, range_slope_lookback=5, range_slope_threshold=0.0005, range_band_width_threshold=0.003, range_middle_distance_threshold=0.002, trend_ma_period=15, trend_slope_lookback=2, trend_slope_threshold=0.0003, trend_price_position_filter_enabled=True, range_require_reentry_confirmation=True, trend_require_break_confirmation=True, exit_on_range_middle_band=True, close_on_opposite_trend_state=True, enable_range_failure_exit=True, range_failure_adverse_move_ratio=0.28, enable_range_extreme_touch_entry=False, state=range, middle=156.1589, upper=156.2624874509774, lower=156.05531254902257, upper_3sigma=156.31428117646612, lower_3sigma=156.00351882353385, previous_upper=156.24679230738474, previous_lower=156.05440769261526, normalized_band_width=0.001327, latest_band_width=0.207175, distance_from_middle=0.000647, range_slope=0.000242, trend_slope=0.000116, trend_current_ma=156.18046666666666, latest_high=156.272, latest_low=156.247)",range,156.1589,156.2624874509774,156.05531254902257,0.001326692887532054,0.00024200348152101283,0.0001161050016071479,156.18046666666666,0.0006474174702818886,"sell position closed because range recovery failed and adverse move resumed (entry_price=156.26, previous_close=156.267, latest_close=156.332, middle=156.20499999999998, band_width=0.22118227777104948) (bollinger_period=20, bollinger_sigma=2.0, bollinger_extreme_sigma=3.0, range_ma_period=10, range_slope_lookback=5, range_slope_threshold=0.0005, range_band_width_threshold=0.003, range_middle_distance_threshold=0.002, trend_ma_period=15, trend_slope_lookback=2, trend_slope_threshold=0.0003, trend_price_position_filter_enabled=True, range_require_reentry_confirmation=True, trend_require_break_confirmation=True, exit_on_range_middle_band=True, close_on_opposite_trend_state=True, enable_range_failure_exit=True, range_failure_adverse_move_ratio=0.28, enable_range_extreme_touch_entry=False, state=range, middle=156.20499999999998, upper=156.3155911388855, lower=156.09440886111446, upper_3sigma=156.3708867083283, lower_3sigma=156.03911329167167, previous_upper=156.2927702213205, previous_lower=156.09802977867952, normalized_band_width=0.001416, latest_band_width=0.221182, distance_from_middle=0.000813, range_slope=0.000356, trend_slope=0.000139, trend_current_ma=156.22359999999998, latest_high=156.342, latest_low=156.26)",range,156.20499999999998,156.3155911388855,156.09440886111446,0.0014159743783556833,0.0003558361285029111,0.00013869009974579362,156.22359999999998,0.0008130341538363661,,,,,,,,,,,,,,,,,,,,,,,,,,,,,,,,,,,,,,1.2000000000000455,8.200000000002206,5,range_failure_exit,632,637,5,5,0,3,5
legacy,,2026-02-04 05:30:00,2026-02-04 06:15:00,sell,156.364,156.297,6.700000000000728,signal_close,T-0022,"range mean-reversion sell confirmed by reentry from outside upper band; previous_close=156.368, latest_close=156.364, previous_upper=156.3642841926528, latest_upper=156.38285814069178; range because abs(range_slope)=0.000456 <= threshold=0.000500 and normalized_band_width=0.001885 <= threshold=0.003000 and distance_from_middle=0.000822 <= threshold=0.002000 (bollinger_period=20, bollinger_sigma=2.0, bollinger_extreme_sigma=3.0, range_ma_period=10, range_slope_lookback=5, range_slope_threshold=0.0005, range_band_width_threshold=0.003, range_middle_distance_threshold=0.002, trend_ma_period=15, trend_slope_lookback=2, trend_slope_threshold=0.0003, trend_price_position_filter_enabled=True, range_require_reentry_confirmation=True, trend_require_break_confirmation=True, exit_on_range_middle_band=True, close_on_opposite_trend_state=True, enable_range_failure_exit=True, range_failure_adverse_move_ratio=0.28, enable_range_extreme_touch_entry=False, state=range, middle=156.2356, upper=156.38285814069178, lower=156.08834185930823, upper_3sigma=156.45648721103768, lower_3sigma=156.01471278896233, previous_upper=156.3642841926528, previous_lower=156.08531580734723, normalized_band_width=0.001885, latest_band_width=0.294516, distance_from_middle=0.000822, range_slope=0.000456, trend_slope=0.000174, trend_current_ma=156.26413333333332, latest_high=156.388, latest_low=156.335)",range,156.2356,156.38285814069178,156.08834185930823,0.001885077929636721,0.0004555368520996256,0.00017363762723110213,156.26413333333332,0.0008218357403818284,"sell position closed because range state returned to middle band: latest close 156.297 <= middle 156.30745 (bollinger_period=20, bollinger_sigma=2.0, bollinger_extreme_sigma=3.0, range_ma_period=10, range_slope_lookback=5, range_slope_threshold=0.0005, range_band_width_threshold=0.003, range_middle_distance_threshold=0.002, trend_ma_period=15, trend_slope_lookback=2, trend_slope_threshold=0.0003, trend_price_position_filter_enabled=True, range_require_reentry_confirmation=True, trend_require_break_confirmation=True, exit_on_range_middle_band=True, close_on_opposite_trend_state=True, enable_range_failure_exit=True, range_failure_adverse_move_ratio=0.28, enable_range_extreme_touch_entry=False, state=range, middle=156.30745, upper=156.39568485705774, lower=156.21921514294223, upper_3sigma=156.4398022855866, lower_3sigma=156.17509771441337, previous_upper=156.40115499477602, previous_lower=156.204945005224, normalized_band_width=0.001129, latest_band_width=0.176470, distance_from_middle=0.000067, range_slope=0.000035, trend_slope=0.000041, trend_current_ma=156.32653333333334, latest_high=156.343, latest_low=156.295)",range,156.30745,156.39568485705774,156.21921514294223,0.001128991062905271,3.518155923380723e-05,4.136640485011961e-05,156.32653333333334,6.685541859963574e-05,,,,,,,,,,,,,,,,,,,,,,,,,,,,,,,,,,,,,,8.100000000001728,2.400000000000091,9,middle_touch_exit,640,649,4,8,3,3,8
legacy,,2026-02-04 08:55:00,2026-02-04 09:10:00,sell,156.356,156.423,-6.700000000000728,signal_close,T-0023,"range mean-reversion sell confirmed by reentry from outside upper band; previous_close=156.372, latest_close=156.356, previous_upper=156.36572783851062, latest_upper=156.37301928210522; range because abs(range_slope)=0.000170 <= threshold=0.000500 and normalized_band_width=0.000913 <= threshold=0.003000 and distance_from_middle=0.000347 <= threshold=0.002000 (bollinger_period=20, bollinger_sigma=2.0, bollinger_extreme_sigma=3.0, range_ma_period=10, range_slope_lookback=5, range_slope_threshold=0.0005, range_band_width_threshold=0.003, range_middle_distance_threshold=0.002, trend_ma_period=15, trend_slope_lookback=2, trend_slope_threshold=0.0003, trend_price_position_filter_enabled=True, range_require_reentry_confirmation=True, trend_require_break_confirmation=True, exit_on_range_middle_band=True, close_on_opposite_trend_state=True, enable_range_failure_exit=True, range_failure_adverse_move_ratio=0.28, enable_range_extreme_touch_entry=False, state=range, middle=156.3017, upper=156.37301928210522, lower=156.2303807178948, upper_3sigma=156.40867892315782, lower_3sigma=156.1947210768422, previous_upper=156.36572783851062, previous_lower=156.23207216148938, normalized_band_width=0.000913, latest_band_width=0.142639, distance_from_middle=0.000347, range_slope=0.000170, trend_slope=0.000078, trend_current_ma=156.30986666666666, latest_high=156.384, latest_low=156.346)",range,156.3017,156.37301928210522,156.2303807178948,0.0009125848548698772,0.0001701683387092153,7.762359211279186e-05,156.30986666666666,0.00034740505061674686,"sell position closed because range recovery failed and adverse move resumed (entry_price=156.356, previous_close=156.37, latest_close=156.423, middle=156.31615, band_width=0.1750075426946296) (bollinger_period=20, bollinger_sigma=2.0, bollinger_extreme_sigma=3.0, range_ma_period=10, range_slope_lookback=5, range_slope_threshold=0.0005, range_band_width_threshold=0.003, range_middle_distance_threshold=0.002, trend_ma_period=15, trend_slope_lookback=2, trend_slope_threshold=0.0003, trend_price_position_filter_enabled=True, range_require_reentry_confirmation=True, trend_require_break_confirmation=True, exit_on_range_middle_band=True, close_on_opposite_trend_state=True, enable_range_failure_exit=True, range_failure_adverse_move_ratio=0.28, enable_range_extreme_touch_entry=False, state=range, middle=156.31615, upper=156.4036537713473, lower=156.22864622865268, upper_3sigma=156.44740565702097, lower_3sigma=156.18489434297902, previous_upper=156.38407738852374, previous_lower=156.23152261147624, normalized_band_width=0.001120, latest_band_width=0.175008, distance_from_middle=0.000684, range_slope=0.000232, trend_slope=0.000096, trend_current_ma=156.32813333333334, latest_high=156.426, latest_low=156.356)",range,156.31615,156.4036537713473,156.22864622865268,0.001119574290274099,0.00023218210240562984,9.552556545598894e-05,156.32813333333334,0.0006835506120129529,,,,,,,,,,,,,,,,,,,,,,,,,,,,,,,,,,,,,,3.6000000000001364,6.999999999999318,3,range_failure_exit,681,684,1,0,3,3,3
legacy,,2026-02-04 09:20:00,2026-02-04 10:15:00,sell,156.394,156.445,-5.099999999998772,signal_close,T-0024,"range mean-reversion sell confirmed by reentry from outside upper band; previous_close=156.419, latest_close=156.394, previous_upper=156.41862940641977, latest_upper=156.42690123202507; range because abs(range_slope)=0.000345 <= threshold=0.000500 and normalized_band_width=0.001246 <= threshold=0.003000 and distance_from_middle=0.000413 <= threshold=0.002000 (bollinger_period=20, bollinger_sigma=2.0, bollinger_extreme_sigma=3.0, range_ma_period=10, range_slope_lookback=5, range_slope_threshold=0.0005, range_band_width_threshold=0.003, range_middle_distance_threshold=0.002, trend_ma_period=15, trend_slope_lookback=2, trend_slope_threshold=0.0003, trend_price_position_filter_enabled=True, range_require_reentry_confirmation=True, trend_require_break_confirmation=True, exit_on_range_middle_band=True, close_on_opposite_trend_state=True, enable_range_failure_exit=True, range_failure_adverse_move_ratio=0.28, enable_range_extreme_touch_entry=False, state=range, middle=156.3295, upper=156.42690123202507, lower=156.23209876797492, upper_3sigma=156.4756018480376, lower_3sigma=156.1833981519624, previous_upper=156.41862940641977, previous_lower=156.22927059358022, normalized_band_width=0.001246, latest_band_width=0.194802, distance_from_middle=0.000413, range_slope=0.000345, trend_slope=0.000076, trend_current_ma=156.34, latest_high=156.433, latest_low=156.347)",range,156.3295,156.42690123202507,156.23209876797492,0.0012461017533488931,0.0003453352245766257,7.590294656941727e-05,156.34,0.00041259007417032326,"sell position closed because range recovery failed and adverse move resumed (entry_price=156.394, previous_close=156.412, latest_close=156.445, middle=156.40879999999999, band_width=0.15108461205562662) (bollinger_period=20, bollinger_sigma=2.0, bollinger_extreme_sigma=3.0, range_ma_period=10, range_slope_lookback=5, range_slope_threshold=0.0005, range_band_width_threshold=0.003, range_middle_distance_threshold=0.002, trend_ma_period=15, trend_slope_lookback=2, trend_slope_threshold=0.0003, trend_price_position_filter_enabled=True, range_require_reentry_confirmation=True, trend_require_break_confirmation=True, exit_on_range_middle_band=True, close_on_opposite_trend_state=True, enable_range_failure_exit=True, range_failure_adverse_move_ratio=0.28, enable_range_extreme_touch_entry=False, state=range, middle=156.40879999999999, upper=156.4843423060278, lower=156.33325769397217, upper_3sigma=156.5221134590417, lower_3sigma=156.29548654095828, previous_upper=156.48732558198924, previous_lower=156.31657441801076, normalized_band_width=0.000966, latest_band_width=0.151085, distance_from_middle=0.000231, range_slope=0.000045, trend_slope=0.000070, trend_current_ma=156.42613333333333, latest_high=156.446, latest_low=156.409)",range,156.40879999999999,156.4843423060278,156.33325769397217,0.0009659597928992911,4.538663983514997e-05,7.03207307218637e-05,156.42613333333333,0.00023144477804323035,,,,,,,,,,,,,,,,,,,,,,,,,,,,,,,,,,,,,,-0.10000000000047748,7.200000000000273,11,range_failure_exit,686,697,6,7,7,7,11
legacy,,2026-02-04 14:35:00,2026-02-04 15:20:00,buy,156.68,156.713,3.299999999998704,signal_close,T-0025,"range mean-reversion buy confirmed by reentry from outside lower band; previous_close=156.67, latest_close=156.68, previous_lower=156.67646549743682, latest_lower=156.66683829086583; range because abs(range_slope)=0.000280 <= threshold=0.000500 and normalized_band_width=0.001231 <= threshold=0.003000 and distance_from_middle=0.000532 <= threshold=0.002000 (bollinger_period=20, bollinger_sigma=2.0, bollinger_extreme_sigma=3.0, range_ma_period=10, range_slope_lookback=5, range_slope_threshold=0.0005, range_band_width_threshold=0.003, range_middle_distance_threshold=0.002, trend_ma_period=15, trend_slope_lookback=2, trend_slope_threshold=0.0003, trend_price_position_filter_enabled=True, range_require_reentry_confirmation=True, trend_require_break_confirmation=True, exit_on_range_middle_band=True, close_on_opposite_trend_state=True, enable_range_failure_exit=True, range_failure_adverse_move_ratio=0.28, enable_range_extreme_touch_entry=False, state=range, middle=156.76335, upper=156.85986170913418, lower=156.66683829086583, upper_3sigma=156.90811756370127, lower_3sigma=156.61858243629874, previous_upper=156.85583450256314, previous_lower=156.67646549743682, normalized_band_width=0.001231, latest_band_width=0.193023, distance_from_middle=0.000532, range_slope=-0.000280, trend_slope=-0.000134, trend_current_ma=156.75473333333332, latest_high=156.685, latest_low=156.652)",range,156.76335,156.85986170913418,156.66683829086583,0.0012313044998614373,-0.00028007826879717165,-0.000133541953650998,156.75473333333332,0.0005316931540439511,"buy position closed because range state returned to middle band: latest close 156.713 >= middle 156.7031 (bollinger_period=20, bollinger_sigma=2.0, bollinger_extreme_sigma=3.0, range_ma_period=10, range_slope_lookback=5, range_slope_threshold=0.0005, range_band_width_threshold=0.003, range_middle_distance_threshold=0.002, trend_ma_period=15, trend_slope_lookback=2, trend_slope_threshold=0.0003, trend_price_position_filter_enabled=True, range_require_reentry_confirmation=True, trend_require_break_confirmation=True, exit_on_range_middle_band=True, close_on_opposite_trend_state=True, enable_range_failure_exit=True, range_failure_adverse_move_ratio=0.28, enable_range_extreme_touch_entry=False, state=range, middle=156.7031, upper=156.8329428280653, lower=156.5732571719347, upper_3sigma=156.897864242098, lower_3sigma=156.50833575790202, previous_upper=156.8377384210432, previous_lower=156.5732615789568, normalized_band_width=0.001657, latest_band_width=0.259686, distance_from_middle=0.000063, range_slope=-0.000185, trend_slope=-0.000094, trend_current_ma=156.67186666666666, latest_high=156.715, latest_low=156.627)",range,156.7031,156.8329428280653,156.5732571719347,0.0016571826347443923,-0.00018512371370934532,-9.403943188272428e-05,156.67186666666666,6.317679739576042e-05,,,,,,,,,,,,,,,,,,,,,,,,,,,,,,,,,,,,,,3.499999999999659,17.700000000002092,9,middle_touch_exit,749,758,9,0,9,9,9
legacy,,2026-02-04 16:05:00,2026-02-04 17:15:00,buy,156.498,156.565,6.700000000000728,signal_close,T-0026,"range mean-reversion buy confirmed by reentry from outside lower band; previous_close=156.463, latest_close=156.498, previous_lower=156.4969972145117, latest_lower=156.47713198767363; range because abs(range_slope)=0.000384 <= threshold=0.000500 and normalized_band_width=0.001956 <= threshold=0.003000 and distance_from_middle=0.000845 <= threshold=0.002000 (bollinger_period=20, bollinger_sigma=2.0, bollinger_extreme_sigma=3.0, range_ma_period=10, range_slope_lookback=5, range_slope_threshold=0.0005, range_band_width_threshold=0.003, range_middle_distance_threshold=0.002, trend_ma_period=15, trend_slope_lookback=2, trend_slope_threshold=0.0003, trend_price_position_filter_enabled=True, range_require_reentry_confirmation=True, trend_require_break_confirmation=True, exit_on_range_middle_band=True, close_on_opposite_trend_state=True, enable_range_failure_exit=True, range_failure_adverse_move_ratio=0.28, enable_range_extreme_touch_entry=False, state=range, middle=156.63029999999998, upper=156.78346801232632, lower=156.47713198767363, upper_3sigma=156.86005201848948, lower_3sigma=156.40054798151047, previous_upper=156.7842027854883, previous_lower=156.4969972145117, normalized_band_width=0.001956, latest_band_width=0.306336, distance_from_middle=0.000845, range_slope=-0.000384, trend_slope=-0.000140, trend_current_ma=156.6208, latest_high=156.52, latest_low=156.446)",range,156.63029999999998,156.78346801232632,156.47713198767363,0.001955790320600127,-0.0003843872375775489,-0.0001400409992371542,156.6208,0.0008446641550197284,"buy position closed because range state returned to middle band: latest close 156.565 >= middle 156.51614999999998 (bollinger_period=20, bollinger_sigma=2.0, bollinger_extreme_sigma=3.0, range_ma_period=10, range_slope_lookback=5, range_slope_threshold=0.0005, range_band_width_threshold=0.003, range_middle_distance_threshold=0.002, trend_ma_period=15, trend_slope_lookback=2, trend_slope_threshold=0.0003, trend_price_position_filter_enabled=True, range_require_reentry_confirmation=True, trend_require_break_confirmation=True, exit_on_range_middle_band=True, close_on_opposite_trend_state=True, enable_range_failure_exit=True, range_failure_adverse_move_ratio=0.28, enable_range_extreme_touch_entry=False, state=range, middle=156.51614999999998, upper=156.6292751961324, lower=156.40302480386757, upper_3sigma=156.68583779419862, lower_3sigma=156.34646220580134, previous_upper=156.66285944969798, previous_lower=156.38374055030204, normalized_band_width=0.001446, latest_band_width=0.226250, distance_from_middle=0.000312, range_slope=-0.000071, trend_slope=0.000055, trend_current_ma=156.5040666666667, latest_high=156.568, latest_low=156.504)",range,156.51614999999998,156.6292751961324,156.40302480386757,0.0014455402350800905,-7.092819446867064e-05,5.495064877992325e-05,156.5040666666667,0.00031210836709193163,,,,,,,,,,,,,,,,,,,,,,,,,,,,,,,,,,,,,,9.499999999999886,14.599999999998658,14,middle_touch_exit,767,781,5,5,8,8,13
legacy,,2026-02-04 17:40:00,2026-02-04 18:40:00,sell,156.627,156.626,0.10000000000047748,signal_close,T-0027,"range mean-reversion sell confirmed by reentry from outside upper band; previous_close=156.677, latest_close=156.627, previous_upper=156.66566625956622, latest_upper=156.67664999102334; range because abs(range_slope)=0.000454 <= threshold=0.000500 and normalized_band_width=0.001779 <= threshold=0.003000 and distance_from_middle=0.000572 <= threshold=0.002000 (bollinger_period=20, bollinger_sigma=2.0, bollinger_extreme_sigma=3.0, range_ma_period=10, range_slope_lookback=5, range_slope_threshold=0.0005, range_band_width_threshold=0.003, range_middle_distance_threshold=0.002, trend_ma_period=15, trend_slope_lookback=2, trend_slope_threshold=0.0003, trend_price_position_filter_enabled=True, range_require_reentry_confirmation=True, trend_require_break_confirmation=True, exit_on_range_middle_band=True, close_on_opposite_trend_state=True, enable_range_failure_exit=True, range_failure_adverse_move_ratio=0.28, enable_range_extreme_touch_entry=False, state=range, middle=156.5374, upper=156.67664999102334, lower=156.39815000897664, upper_3sigma=156.74627498653498, lower_3sigma=156.328525013465, previous_upper=156.66566625956622, previous_lower=156.39273374043378, normalized_band_width=0.001779, latest_band_width=0.278500, distance_from_middle=0.000572, range_slope=0.000454, trend_slope=0.000092, trend_current_ma=156.54333333333335, latest_high=156.693, latest_low=156.582)",range,156.5374,156.67664999102334,156.39815000897664,0.0017791274292705544,0.00045411752382680737,9.156144198637907e-05,156.54333333333335,0.0005723871739278828,"sell position closed because range state returned to middle band: latest close 156.626 <= middle 156.63434999999998 (bollinger_period=20, bollinger_sigma=2.0, bollinger_extreme_sigma=3.0, range_ma_period=10, range_slope_lookback=5, range_slope_threshold=0.0005, range_band_width_threshold=0.003, range_middle_distance_threshold=0.002, trend_ma_period=15, trend_slope_lookback=2, trend_slope_threshold=0.0003, trend_price_position_filter_enabled=True, range_require_reentry_confirmation=True, trend_require_break_confirmation=True, exit_on_range_middle_band=True, close_on_opposite_trend_state=True, enable_range_failure_exit=True, range_failure_adverse_move_ratio=0.28, enable_range_extreme_touch_entry=False, state=range, middle=156.63434999999998, upper=156.7521095431377, lower=156.51659045686228, upper_3sigma=156.81098931470652, lower_3sigma=156.45771068529345, previous_upper=156.766254814468, previous_lower=156.48584518553204, normalized_band_width=0.001504, latest_band_width=0.235519, distance_from_middle=0.000053, range_slope=0.000139, trend_slope=0.000053, trend_current_ma=156.6608, latest_high=156.699, latest_low=156.614)",range,156.63434999999998,156.7521095431377,156.51659045686228,0.001503623478984125,0.00013914624206220566,5.2767933437444945e-05,156.6608,5.330886871225095e-05,,,,,,,,,,,,,,,,,,,,,,,,,,,,,,,,,,,,,,3.700000000000614,10.999999999998522,12,middle_touch_exit,786,798,0,3,4,10,10
legacy,,2026-02-04 19:30:00,2026-02-04 19:40:00,buy,156.521,156.632,11.100000000001842,signal_close,T-0028,"range mean-reversion buy confirmed by reentry from outside lower band; previous_close=156.473, latest_close=156.521, previous_lower=156.49994303765666, latest_lower=156.48682839389355; range because abs(range_slope)=0.000487 <= threshold=0.000500 and normalized_band_width=0.001666 <= threshold=0.003000 and distance_from_middle=0.000615 <= threshold=0.002000 (bollinger_period=20, bollinger_sigma=2.0, bollinger_extreme_sigma=3.0, range_ma_period=10, range_slope_lookback=5, range_slope_threshold=0.0005, range_band_width_threshold=0.003, range_middle_distance_threshold=0.002, trend_ma_period=15, trend_slope_lookback=2, trend_slope_threshold=0.0003, trend_price_position_filter_enabled=True, range_require_reentry_confirmation=True, trend_require_break_confirmation=True, exit_on_range_middle_band=True, close_on_opposite_trend_state=True, enable_range_failure_exit=True, range_failure_adverse_move_ratio=0.28, enable_range_extreme_touch_entry=False, state=range, middle=156.6173, upper=156.74777160610645, lower=156.48682839389355, upper_3sigma=156.8130074091597, lower_3sigma=156.4215925908403, previous_upper=156.74555696234333, previous_lower=156.49994303765666, normalized_band_width=0.001666, latest_band_width=0.260943, distance_from_middle=0.000615, range_slope=-0.000487, trend_slope=-0.000153, trend_current_ma=156.60546666666667, latest_high=156.566, latest_low=156.464)",range,156.6173,156.74777160610645,156.48682839389355,0.0016661199766111908,-0.000487337838813191,-0.00015282565700114092,156.60546666666667,0.0006148746019757306,"buy position closed because range state returned to middle band: latest close 156.632 >= middle 156.61405 (bollinger_period=20, bollinger_sigma=2.0, bollinger_extreme_sigma=3.0, range_ma_period=10, range_slope_lookback=5, range_slope_threshold=0.0005, range_band_width_threshold=0.003, range_middle_distance_threshold=0.002, trend_ma_period=15, trend_slope_lookback=2, trend_slope_threshold=0.0003, trend_price_position_filter_enabled=True, range_require_reentry_confirmation=True, trend_require_break_confirmation=True, exit_on_range_middle_band=True, close_on_opposite_trend_state=True, enable_range_failure_exit=True, range_failure_adverse_move_ratio=0.28, enable_range_extreme_touch_entry=False, state=range, middle=156.61405, upper=156.7440722673237, lower=156.48402773267628, upper_3sigma=156.80908340098557, lower_3sigma=156.4190165990144, previous_upper=156.74391995806724, previous_lower=156.48398004193274, normalized_band_width=0.001660, latest_band_width=0.260045, distance_from_middle=0.000115, range_slope=-0.000287, trend_slope=-0.000086, trend_current_ma=156.59193333333332, latest_high=156.652, latest_low=156.568)",range,156.61405,156.7440722673237,156.48402773267628,0.001660416384401146,-0.0002867798329268762,-8.64242049081047e-05,156.59193333333332,0.00011461296097006133,,,,,,,,,,,,,,,,,,,,,,,,,,,,,,,,,,,,,,13.100000000000023,0.6000000000000227,2,middle_touch_exit,808,810,2,0,1,2,2
legacy,,2026-02-04 22:30:00,2026-02-04 23:35:00,sell,156.925,156.908,1.700000000002433,signal_close,T-0029,"range mean-reversion sell confirmed by reentry from outside upper band; previous_close=156.935, latest_close=156.925, previous_upper=156.92967294029307, latest_upper=156.93614575284357; range because abs(range_slope)=0.000152 <= threshold=0.000500 and normalized_band_width=0.001024 <= threshold=0.003000 and distance_from_middle=0.000441 <= threshold=0.002000 (bollinger_period=20, bollinger_sigma=2.0, bollinger_extreme_sigma=3.0, range_ma_period=10, range_slope_lookback=5, range_slope_threshold=0.0005, range_band_width_threshold=0.003, range_middle_distance_threshold=0.002, trend_ma_period=15, trend_slope_lookback=2, trend_slope_threshold=0.0003, trend_price_position_filter_enabled=True, range_require_reentry_confirmation=True, trend_require_break_confirmation=True, exit_on_range_middle_band=True, close_on_opposite_trend_state=True, enable_range_failure_exit=True, range_failure_adverse_move_ratio=0.28, enable_range_extreme_touch_entry=False, state=range, middle=156.8558, upper=156.93614575284357, lower=156.7754542471564, upper_3sigma=156.97631862926534, lower_3sigma=156.73528137073464, previous_upper=156.92967294029307, previous_lower=156.7667270597069, normalized_band_width=0.001024, latest_band_width=0.160692, distance_from_middle=0.000441, range_slope=0.000152, trend_slope=0.000094, trend_current_ma=156.87199999999999, latest_high=156.938, latest_low=156.919)",range,156.8558,156.93614575284357,156.7754542471564,0.0010244537064435521,0.000152346615960938,9.434443367828369e-05,156.87199999999999,0.0004411695327812135,"sell position closed because range state returned to middle band: latest close 156.908 <= middle 156.90805 (bollinger_period=20, bollinger_sigma=2.0, bollinger_extreme_sigma=3.0, range_ma_period=10, range_slope_lookback=5, range_slope_threshold=0.0005, range_band_width_threshold=0.003, range_middle_distance_threshold=0.002, trend_ma_period=15, trend_slope_lookback=2, trend_slope_threshold=0.0003, trend_price_position_filter_enabled=True, range_require_reentry_confirmation=True, trend_require_break_confirmation=True, exit_on_range_middle_band=True, close_on_opposite_trend_state=True, enable_range_failure_exit=True, range_failure_adverse_move_ratio=0.28, enable_range_extreme_touch_entry=False, state=range, middle=156.90805, upper=156.95429489160978, lower=156.86180510839023, upper_3sigma=156.97741733741466, lower_3sigma=156.83868266258534, previous_upper=156.9628492372832, previous_lower=156.84485076271682, normalized_band_width=0.000589, latest_band_width=0.092490, distance_from_middle=0.000000, range_slope=-0.000027, trend_slope=0.000011, trend_current_ma=156.9182, latest_high=156.927, latest_low=156.9)",range,156.90805,156.95429489160978,156.86180510839023,0.0005894521231992136,-2.7403004516401567e-05,1.1470944734281365e-05,156.9182,3.186579657058429e-07,,,,,,,,,,,,,,,,,,,,,,,,,,,,,,,,,,,,,,2.5000000000005684,2.0999999999986585,13,middle_touch_exit,844,857,3,12,0,2,12
legacy,,2026-02-05 00:10:00,2026-02-05 01:00:00,buy,156.824,156.852,2.7999999999991587,signal_close,T-0030,"range mean-reversion buy confirmed by reentry from outside lower band; previous_close=156.774, latest_close=156.824, previous_lower=156.81499492001035, latest_lower=156.80448402088481; range because abs(range_slope)=0.000251 <= threshold=0.000500 and normalized_band_width=0.001177 <= threshold=0.003000 and distance_from_middle=0.000464 <= threshold=0.002000 (bollinger_period=20, bollinger_sigma=2.0, bollinger_extreme_sigma=3.0, range_ma_period=10, range_slope_lookback=5, range_slope_threshold=0.0005, range_band_width_threshold=0.003, range_middle_distance_threshold=0.002, trend_ma_period=15, trend_slope_lookback=2, trend_slope_threshold=0.0003, trend_price_position_filter_enabled=True, range_require_reentry_confirmation=True, trend_require_break_confirmation=True, exit_on_range_middle_band=True, close_on_opposite_trend_state=True, enable_range_failure_exit=True, range_failure_adverse_move_ratio=0.28, enable_range_extreme_touch_entry=False, state=range, middle=156.8968, upper=156.9891159791152, lower=156.80448402088481, upper_3sigma=157.03527396867284, lower_3sigma=156.7583260313272, previous_upper=156.98970507998968, previous_lower=156.81499492001035, normalized_band_width=0.001177, latest_band_width=0.184632, distance_from_middle=0.000464, range_slope=-0.000251, trend_slope=-0.000115, trend_current_ma=156.88873333333333, latest_high=156.824, latest_low=156.759)",range,156.8968,156.9891159791152,156.80448402088481,0.0011767732562448544,-0.0002505188864469005,-0.00011473099194291421,156.88873333333333,0.0004639992657594091,"buy position closed because range state returned to middle band: latest close 156.852 >= middle 156.84535 (bollinger_period=20, bollinger_sigma=2.0, bollinger_extreme_sigma=3.0, range_ma_period=10, range_slope_lookback=5, range_slope_threshold=0.0005, range_band_width_threshold=0.003, range_middle_distance_threshold=0.002, trend_ma_period=15, trend_slope_lookback=2, trend_slope_threshold=0.0003, trend_price_position_filter_enabled=True, range_require_reentry_confirmation=True, trend_require_break_confirmation=True, exit_on_range_middle_band=True, close_on_opposite_trend_state=True, enable_range_failure_exit=True, range_failure_adverse_move_ratio=0.28, enable_range_extreme_touch_entry=False, state=range, middle=156.84535, upper=156.9486559049619, lower=156.7420440950381, upper_3sigma=157.00030885744286, lower_3sigma=156.69039114255713, previous_upper=156.95583072186298, previous_lower=156.74096927813702, normalized_band_width=0.001317, latest_band_width=0.206612, distance_from_middle=0.000042, range_slope=-0.000076, trend_slope=-0.000062, trend_current_ma=156.8238, latest_high=156.863, latest_low=156.809)",range,156.84535,156.9486559049619,156.7420440950381,0.0013172963681983539,-7.588496859043806e-05,-6.249051483246973e-05,156.8238,4.2398451723354214e-05,,,,,,,,,,,,,,,,,,,,,,,,,,,,,,,,,,,,,,3.8999999999987267,6.200000000001182,10,middle_touch_exit,863,873,1,0,8,7,9
legacy,,2026-02-05 02:00:00,2026-02-05 02:20:00,sell,156.897,156.954,-5.700000000001637,signal_close,T-0031,"range mean-reversion sell confirmed by reentry from outside upper band; previous_close=156.908, latest_close=156.897, previous_upper=156.90523335544833, latest_upper=156.91339320639182; range because abs(range_slope)=0.000207 <= threshold=0.000500 and normalized_band_width=0.000931 <= threshold=0.003000 and distance_from_middle=0.000361 <= threshold=0.002000 (bollinger_period=20, bollinger_sigma=2.0, bollinger_extreme_sigma=3.0, range_ma_period=10, range_slope_lookback=5, range_slope_threshold=0.0005, range_band_width_threshold=0.003, range_middle_distance_threshold=0.002, trend_ma_period=15, trend_slope_lookback=2, trend_slope_threshold=0.0003, trend_price_position_filter_enabled=True, range_require_reentry_confirmation=True, trend_require_break_confirmation=True, exit_on_range_middle_band=True, close_on_opposite_trend_state=True, enable_range_failure_exit=True, range_failure_adverse_move_ratio=0.28, enable_range_extreme_touch_entry=False, state=range, middle=156.84035, upper=156.91339320639182, lower=156.76730679360818, upper_3sigma=156.94991480958774, lower_3sigma=156.73078519041226, previous_upper=156.90523335544833, previous_lower=156.76706664455168, normalized_band_width=0.000931, latest_band_width=0.146086, distance_from_middle=0.000361, range_slope=0.000207, trend_slope=0.000099, trend_current_ma=156.85333333333335, latest_high=156.947, latest_low=156.882)",range,156.84035,156.91339320639182,156.76730679360818,0.000931433861143715,0.00020718254056792791,9.903094185671848e-05,156.85333333333335,0.0003611953174039113,"sell position closed because range recovery failed and adverse move resumed (entry_price=156.897, previous_close=156.933, latest_close=156.954, middle=156.86575, band_width=0.1965456689932239) (bollinger_period=20, bollinger_sigma=2.0, bollinger_extreme_sigma=3.0, range_ma_period=10, range_slope_lookback=5, range_slope_threshold=0.0005, range_band_width_threshold=0.003, range_middle_distance_threshold=0.002, trend_ma_period=15, trend_slope_lookback=2, trend_slope_threshold=0.0003, trend_price_position_filter_enabled=True, range_require_reentry_confirmation=True, trend_require_break_confirmation=True, exit_on_range_middle_band=True, close_on_opposite_trend_state=True, enable_range_failure_exit=True, range_failure_adverse_move_ratio=0.28, enable_range_extreme_touch_entry=False, state=range, middle=156.86575, upper=156.9640228344966, lower=156.76747716550338, upper_3sigma=157.01315925174492, lower_3sigma=156.71834074825506, previous_upper=156.9510587374523, previous_lower=156.7656412625477, normalized_band_width=0.001253, latest_band_width=0.196546, distance_from_middle=0.000563, range_slope=0.000303, trend_slope=0.000095, trend_current_ma=156.88226666666665, latest_high=156.954, latest_low=156.925)",range,156.86575,156.9640228344966,156.76747716550338,0.0012529546379195199,0.00030336557336086063,9.476320671880867e-05,156.88226666666665,0.0005625829730200275,,,,,,,,,,,,,,,,,,,,,,,,,,,,,,,,,,,,,,0.0,5.89999999999975,4,range_failure_exit,885,889,4,0,1,4,4
legacy,,2026-02-05 03:00:00,2026-02-05 03:05:00,buy,156.818,156.891,7.299999999997908,signal_close,T-0032,"range mean-reversion buy confirmed by reentry from outside lower band; previous_close=156.785, latest_close=156.818, previous_lower=156.78782575596273, latest_lower=156.7832673372291; range because abs(range_slope)=0.000265 <= threshold=0.000500 and normalized_band_width=0.001310 <= threshold=0.003000 and distance_from_middle=0.000433 <= threshold=0.002000 (bollinger_period=20, bollinger_sigma=2.0, bollinger_extreme_sigma=3.0, range_ma_period=10, range_slope_lookback=5, range_slope_threshold=0.0005, range_band_width_threshold=0.003, range_middle_distance_threshold=0.002, trend_ma_period=15, trend_slope_lookback=2, trend_slope_threshold=0.0003, trend_price_position_filter_enabled=True, range_require_reentry_confirmation=True, trend_require_break_confirmation=True, exit_on_range_middle_band=True, close_on_opposite_trend_state=True, enable_range_failure_exit=True, range_failure_adverse_move_ratio=0.28, enable_range_extreme_touch_entry=False, state=range, middle=156.886, upper=156.9887326627709, lower=156.7832673372291, upper_3sigma=157.04009899415635, lower_3sigma=156.73190100584364, previous_upper=156.98707424403727, previous_lower=156.78782575596273, normalized_band_width=0.001310, latest_band_width=0.205465, distance_from_middle=0.000433, range_slope=-0.000265, trend_slope=-0.000066, trend_current_ma=156.89433333333332, latest_high=156.82, latest_low=156.783)",range,156.886,156.9887326627709,156.7832673372291,0.0013096472951175304,-0.00026516204205378666,-6.628665152557571e-05,156.89433333333332,0.0004334357431509735,"buy position closed because range state returned to middle band: latest close 156.891 >= middle 156.8882 (bollinger_period=20, bollinger_sigma=2.0, bollinger_extreme_sigma=3.0, range_ma_period=10, range_slope_lookback=5, range_slope_threshold=0.0005, range_band_width_threshold=0.003, range_middle_distance_threshold=0.002, trend_ma_period=15, trend_slope_lookback=2, trend_slope_threshold=0.0003, trend_price_position_filter_enabled=True, range_require_reentry_confirmation=True, trend_require_break_confirmation=True, exit_on_range_middle_band=True, close_on_opposite_trend_state=True, enable_range_failure_exit=True, range_failure_adverse_move_ratio=0.28, enable_range_extreme_touch_entry=False, state=range, middle=156.8882, upper=156.98937035138815, lower=156.78702964861188, upper_3sigma=157.0399555270822, lower_3sigma=156.7364444729178, previous_upper=156.9887326627709, previous_lower=156.7832673372291, normalized_band_width=0.001290, latest_band_width=0.202341, distance_from_middle=0.000018, range_slope=-0.000293, trend_slope=-0.000033, trend_current_ma=156.89399999999998, latest_high=156.894, latest_low=156.818)",range,156.8882,156.98937035138815,156.78702964861188,0.001289712692071607,-0.0002925784511826732,-3.314339617832481e-05,156.89399999999998,1.7847103861088746e-05,,,,,,,,,,,,,,,,,,,,,,,,,,,,,,,,,,,,,,7.599999999999341,0.0,1,middle_touch_exit,897,898,0,0,0,0,0
legacy,,2026-02-05 08:05:00,2026-02-05 08:40:00,sell,156.932,156.904,2.7999999999991587,signal_close,T-0033,"range mean-reversion sell confirmed by reentry from outside upper band; previous_close=157.017, latest_close=156.932, previous_upper=156.98072828145462, latest_upper=156.98616241170458; range because abs(range_slope)=0.000365 <= threshold=0.000500 and normalized_band_width=0.001365 <= threshold=0.003000 and distance_from_middle=0.000337 <= threshold=0.002000 (bollinger_period=20, bollinger_sigma=2.0, bollinger_extreme_sigma=3.0, range_ma_period=10, range_slope_lookback=5, range_slope_threshold=0.0005, range_band_width_threshold=0.003, range_middle_distance_threshold=0.002, trend_ma_period=15, trend_slope_lookback=2, trend_slope_threshold=0.0003, trend_price_position_filter_enabled=True, range_require_reentry_confirmation=True, trend_require_break_confirmation=True, exit_on_range_middle_band=True, close_on_opposite_trend_state=True, enable_range_failure_exit=True, range_failure_adverse_move_ratio=0.28, enable_range_extreme_touch_entry=False, state=range, middle=156.8791, upper=156.98616241170458, lower=156.7720375882954, upper_3sigma=157.03969361755685, lower_3sigma=156.71850638244314, previous_upper=156.98072828145462, previous_lower=156.7660717185454, normalized_band_width=0.001365, latest_band_width=0.214125, distance_from_middle=0.000337, range_slope=0.000365, trend_slope=0.000113, trend_current_ma=156.892, latest_high=157.024, latest_low=156.883)",range,156.8791,156.98616241170458,156.7720375882954,0.0013649034409885005,0.00036516957761413565,0.00011260399935405428,156.892,0.0003372023424407327,"sell position closed because range state returned to middle band: latest close 156.904 <= middle 156.9101 (bollinger_period=20, bollinger_sigma=2.0, bollinger_extreme_sigma=3.0, range_ma_period=10, range_slope_lookback=5, range_slope_threshold=0.0005, range_band_width_threshold=0.003, range_middle_distance_threshold=0.002, trend_ma_period=15, trend_slope_lookback=2, trend_slope_threshold=0.0003, trend_price_position_filter_enabled=True, range_require_reentry_confirmation=True, trend_require_break_confirmation=True, exit_on_range_middle_band=True, close_on_opposite_trend_state=True, enable_range_failure_exit=True, range_failure_adverse_move_ratio=0.28, enable_range_extreme_touch_entry=False, state=range, middle=156.9101, upper=157.00441839693295, lower=156.81578160306705, upper_3sigma=157.0515775953994, lower_3sigma=156.7686224046006, previous_upper=157.00503182231694, previous_lower=156.81016817768307, normalized_band_width=0.001202, latest_band_width=0.188637, distance_from_middle=0.000039, range_slope=0.000103, trend_slope=0.000037, trend_current_ma=156.92606666666669, latest_high=156.933, latest_low=156.876)",range,156.9101,157.00441839693295,156.81578160306705,0.0012021966327591174,0.00010322278088542061,3.6535251632423484e-05,156.92606666666669,3.8875763892850406e-05,,,,,,,,,,,,,,,,,,,,,,,,,,,,,,,,,,,,,,7.699999999999818,5.60000000000116,7,middle_touch_exit,958,965,0,6,7,3,7
legacy,,2026-02-05 09:25:00,2026-02-05 10:15:00,sell,157.092,157.051,4.100000000002524,signal_close,T-0034,"range mean-reversion sell confirmed by reentry from outside upper band; previous_close=157.175, latest_close=157.092, previous_upper=157.10625941621615, latest_upper=157.1224128363151; range because abs(range_slope)=0.000461 <= threshold=0.000500 and normalized_band_width=0.001820 <= threshold=0.003000 and distance_from_middle=0.000716 <= threshold=0.002000 (bollinger_period=20, bollinger_sigma=2.0, bollinger_extreme_sigma=3.0, range_ma_period=10, range_slope_lookback=5, range_slope_threshold=0.0005, range_band_width_threshold=0.003, range_middle_distance_threshold=0.002, trend_ma_period=15, trend_slope_lookback=2, trend_slope_threshold=0.0003, trend_price_position_filter_enabled=True, range_require_reentry_confirmation=True, trend_require_break_confirmation=True, exit_on_range_middle_band=True, close_on_opposite_trend_state=True, enable_range_failure_exit=True, range_failure_adverse_move_ratio=0.28, enable_range_extreme_touch_entry=False, state=range, middle=156.97955, upper=157.1224128363151, lower=156.83668716368487, upper_3sigma=157.19384425447268, lower_3sigma=156.7652557455273, previous_upper=157.10625941621615, previous_lower=156.83544058378382, normalized_band_width=0.001820, latest_band_width=0.285726, distance_from_middle=0.000716, range_slope=0.000461, trend_slope=0.000162, trend_current_ma=156.98239999999998, latest_high=157.175, latest_low=157.089)",range,156.97955,157.1224128363151,156.83668716368487,0.0018201458255564836,0.00046111683261150716,0.0001618015777564271,156.98239999999998,0.0007163353443172944,"sell position closed because range state returned to middle band: latest close 157.051 <= middle 157.05875 (bollinger_period=20, bollinger_sigma=2.0, bollinger_extreme_sigma=3.0, range_ma_period=10, range_slope_lookback=5, range_slope_threshold=0.0005, range_band_width_threshold=0.003, range_middle_distance_threshold=0.002, trend_ma_period=15, trend_slope_lookback=2, trend_slope_threshold=0.0003, trend_price_position_filter_enabled=True, range_require_reentry_confirmation=True, trend_require_break_confirmation=True, exit_on_range_middle_band=True, close_on_opposite_trend_state=True, enable_range_failure_exit=True, range_failure_adverse_move_ratio=0.28, enable_range_extreme_touch_entry=False, state=range, middle=157.05875, upper=157.22034316198406, lower=156.89715683801595, upper_3sigma=157.30113974297606, lower_3sigma=156.81636025702394, previous_upper=157.22497440527735, previous_lower=156.87922559472264, normalized_band_width=0.002058, latest_band_width=0.323186, distance_from_middle=0.000049, range_slope=0.000052, trend_slope=0.000081, trend_current_ma=157.09553333333332, latest_high=157.103, latest_low=157.043)",range,157.05875,157.22034316198406,156.89715683801595,0.002057741602859542,5.2193594954893375e-05,8.063034255585135e-05,157.09553333333332,4.9344592389890336e-05,,,,,,,,,,,,,,,,,,,,,,,,,,,,,,,,,,,,,,5.200000000002092,10.599999999999454,10,middle_touch_exit,974,984,7,4,8,7,9
legacy,,2026-02-05 11:30:00,2026-02-05 12:35:00,sell,157.227,157.201,2.600000000001046,signal_close,T-0035,"range mean-reversion sell confirmed by reentry from outside upper band; previous_close=157.255, latest_close=157.227, previous_upper=157.22290731661968, latest_upper=157.23289398791582; range because abs(range_slope)=0.000463 <= threshold=0.000500 and normalized_band_width=0.001705 <= threshold=0.003000 and distance_from_middle=0.000815 <= threshold=0.002000 (bollinger_period=20, bollinger_sigma=2.0, bollinger_extreme_sigma=3.0, range_ma_period=10, range_slope_lookback=5, range_slope_threshold=0.0005, range_band_width_threshold=0.003, range_middle_distance_threshold=0.002, trend_ma_period=15, trend_slope_lookback=2, trend_slope_threshold=0.0003, trend_price_position_filter_enabled=True, range_require_reentry_confirmation=True, trend_require_break_confirmation=True, exit_on_range_middle_band=True, close_on_opposite_trend_state=True, enable_range_failure_exit=True, range_failure_adverse_move_ratio=0.28, enable_range_extreme_touch_entry=False, state=range, middle=157.099, upper=157.23289398791582, lower=156.96510601208416, upper_3sigma=157.2998409818737, lower_3sigma=156.89815901812628, previous_upper=157.22290731661968, previous_lower=156.97039268338034, normalized_band_width=0.001705, latest_band_width=0.267788, distance_from_middle=0.000815, range_slope=0.000463, trend_slope=0.000145, trend_current_ma=157.1026, latest_high=157.285, latest_low=157.224)",range,157.099,157.23289398791582,156.96510601208416,0.0017045810338172246,0.0004626798134768328,0.0001451280882683641,157.1026,0.0008147728502410221,"sell position closed because range state returned to middle band: latest close 157.201 <= middle 157.22594999999998 (bollinger_period=20, bollinger_sigma=2.0, bollinger_extreme_sigma=3.0, range_ma_period=10, range_slope_lookback=5, range_slope_threshold=0.0005, range_band_width_threshold=0.003, range_middle_distance_threshold=0.002, trend_ma_period=15, trend_slope_lookback=2, trend_slope_threshold=0.0003, trend_price_position_filter_enabled=True, range_require_reentry_confirmation=True, trend_require_break_confirmation=True, exit_on_range_middle_band=True, close_on_opposite_trend_state=True, enable_range_failure_exit=True, range_failure_adverse_move_ratio=0.28, enable_range_extreme_touch_entry=False, state=range, middle=157.22594999999998, upper=157.37703735883585, lower=157.07486264116412, upper_3sigma=157.4525810382538, lower_3sigma=156.99931896174616, previous_upper=157.3945288708012, previous_lower=157.03817112919876, normalized_band_width=0.001922, latest_band_width=0.302175, distance_from_middle=0.000159, range_slope=-0.000030, trend_slope=0.000014, trend_current_ma=157.26033333333334, latest_high=157.235, latest_low=157.196)",range,157.22594999999998,157.37703735883585,157.07486264116412,0.0019219137659637782,-2.9885063318090848e-05,1.3989541757825276e-05,157.26033333333334,0.00015868881695413394,,,,,,,,,,,,,,,,,,,,,,,,,,,,,,,,,,,,,,3.100000000000591,11.199999999999477,13,middle_touch_exit,999,1012,9,3,11,10,12
legacy,,2026-02-05 17:35:00,2026-02-05 17:55:00,buy,156.677,156.834,15.700000000001069,signal_close,T-0036,"range mean-reversion buy confirmed by reentry from outside lower band; previous_close=156.567, latest_close=156.677, previous_lower=156.58486470443202, latest_lower=156.60129039643525; range because abs(range_slope)=0.000363 <= threshold=0.000500 and normalized_band_width=0.002126 <= threshold=0.003000 and distance_from_middle=0.000580 <= threshold=0.002000 (bollinger_period=20, bollinger_sigma=2.0, bollinger_extreme_sigma=3.0, range_ma_period=10, range_slope_lookback=5, range_slope_threshold=0.0005, range_band_width_threshold=0.003, range_middle_distance_threshold=0.002, trend_ma_period=15, trend_slope_lookback=2, trend_slope_threshold=0.0003, trend_price_position_filter_enabled=True, range_require_reentry_confirmation=True, trend_require_break_confirmation=True, exit_on_range_middle_band=True, close_on_opposite_trend_state=True, enable_range_failure_exit=True, range_failure_adverse_move_ratio=0.28, enable_range_extreme_touch_entry=False, state=range, middle=156.7679, upper=156.93450960356475, lower=156.60129039643525, upper_3sigma=157.0178144053471, lower_3sigma=156.51798559465288, previous_upper=156.94273529556799, previous_lower=156.58486470443202, normalized_band_width=0.002126, latest_band_width=0.333219, distance_from_middle=0.000580, range_slope=-0.000363, trend_slope=-0.000072, trend_current_ma=156.7894, latest_high=156.701, latest_low=156.551)",range,156.7679,156.93450960356475,156.60129039643525,0.002125557637306506,-0.00036296436634002826,-7.228379809693817e-05,156.7894,0.0005798380918542946,"buy position closed because range state returned to middle band: latest close 156.834 >= middle 156.7818 (bollinger_period=20, bollinger_sigma=2.0, bollinger_extreme_sigma=3.0, range_ma_period=10, range_slope_lookback=5, range_slope_threshold=0.0005, range_band_width_threshold=0.003, range_middle_distance_threshold=0.002, trend_ma_period=15, trend_slope_lookback=2, trend_slope_threshold=0.0003, trend_price_position_filter_enabled=True, range_require_reentry_confirmation=True, trend_require_break_confirmation=True, exit_on_range_middle_band=True, close_on_opposite_trend_state=True, enable_range_failure_exit=True, range_failure_adverse_move_ratio=0.28, enable_range_extreme_touch_entry=False, state=range, middle=156.7818, upper=156.93387840083327, lower=156.62972159916674, upper_3sigma=157.0099176012499, lower_3sigma=156.5536823987501, previous_upper=156.9288794300322, previous_lower=156.62202056996782, normalized_band_width=0.001940, latest_band_width=0.304157, distance_from_middle=0.000333, range_slope=-0.000254, trend_slope=-0.000023, trend_current_ma=156.77526666666665, latest_high=156.856, latest_low=156.759)",range,156.7818,156.93387840083327,156.62972159916674,0.0019400006994850318,-0.0002539130035357311,-2.2962805782752007e-05,156.77526666666665,0.00033294680887704524,,,,,,,,,,,,,,,,,,,,,,,,,,,,,,,,,,,,,,17.900000000000205,1.4999999999986358,4,middle_touch_exit,1072,1076,0,0,0,0,0
legacy,,2026-02-05 22:15:00,2026-02-05 22:40:00,sell,156.93,157.023,-9.299999999998931,signal_close,T-0037,"range mean-reversion sell confirmed by reentry from outside upper band; previous_close=156.949, latest_close=156.93, previous_upper=156.92999487022092, latest_upper=156.93980179890227; range because abs(range_slope)=0.000238 <= threshold=0.000500 and normalized_band_width=0.000948 <= threshold=0.003000 and distance_from_middle=0.000411 <= threshold=0.002000 (bollinger_period=20, bollinger_sigma=2.0, bollinger_extreme_sigma=3.0, range_ma_period=10, range_slope_lookback=5, range_slope_threshold=0.0005, range_band_width_threshold=0.003, range_middle_distance_threshold=0.002, trend_ma_period=15, trend_slope_lookback=2, trend_slope_threshold=0.0003, trend_price_position_filter_enabled=True, range_require_reentry_confirmation=True, trend_require_break_confirmation=True, exit_on_range_middle_band=True, close_on_opposite_trend_state=True, enable_range_failure_exit=True, range_failure_adverse_move_ratio=0.28, enable_range_extreme_touch_entry=False, state=range, middle=156.86545, upper=156.93980179890227, lower=156.79109820109775, upper_3sigma=156.97697769835338, lower_3sigma=156.75392230164664, previous_upper=156.92999487022092, previous_lower=156.7911051297791, normalized_band_width=0.000948, latest_band_width=0.148704, distance_from_middle=0.000411, range_slope=0.000238, trend_slope=0.000085, trend_current_ma=156.87273333333331, latest_high=156.95, latest_low=156.93)",range,156.86545,156.93980179890227,156.79109820109775,0.0009479690894617827,0.0002377551326107368,8.499458796953374e-05,156.87273333333331,0.0004114991542114404,"sell position closed because range recovery failed and adverse move resumed (entry_price=156.93, previous_close=156.98, latest_close=157.023, middle=156.89190000000002, band_width=0.2127379608814408) (bollinger_period=20, bollinger_sigma=2.0, bollinger_extreme_sigma=3.0, range_ma_period=10, range_slope_lookback=5, range_slope_threshold=0.0005, range_band_width_threshold=0.003, range_middle_distance_threshold=0.002, trend_ma_period=15, trend_slope_lookback=2, trend_slope_threshold=0.0003, trend_price_position_filter_enabled=True, range_require_reentry_confirmation=True, trend_require_break_confirmation=True, exit_on_range_middle_band=True, close_on_opposite_trend_state=True, enable_range_failure_exit=True, range_failure_adverse_move_ratio=0.28, enable_range_extreme_touch_entry=False, state=range, middle=156.89190000000002, upper=156.99826898044074, lower=156.7855310195593, upper_3sigma=157.0514534706611, lower_3sigma=156.73234652933894, previous_upper=156.9727873605335, previous_lower=156.7924126394665, normalized_band_width=0.001356, latest_band_width=0.212738, distance_from_middle=0.000836, range_slope=0.000337, trend_slope=0.000138, trend_current_ma=156.90586666666667, latest_high=157.026, latest_low=156.974)",range,156.89190000000002,156.99826898044074,156.7855310195593,0.0013559524799013894,0.00033707793573195316,0.000137662156673172,156.90586666666667,0.000835607191958126,,,,,,,,,,,,,,,,,,,,,,,,,,,,,,,,,,,,,,3.900000000001569,9.600000000000364,5,range_failure_exit,1128,1133,3,0,5,5,5
legacy,,2026-02-05 22:45:00,2026-02-06 00:00:00,sell,157.017,156.934,8.29999999999984,signal_close,T-0038,"range mean-reversion sell confirmed by reentry from outside upper band; previous_close=157.023, latest_close=157.017, previous_upper=156.99826898044074, latest_upper=157.0173362341788; range because abs(range_slope)=0.000363 <= threshold=0.000500 and normalized_band_width=0.001486 <= threshold=0.003000 and distance_from_middle=0.000741 <= threshold=0.002000 (bollinger_period=20, bollinger_sigma=2.0, bollinger_extreme_sigma=3.0, range_ma_period=10, range_slope_lookback=5, range_slope_threshold=0.0005, range_band_width_threshold=0.003, range_middle_distance_threshold=0.002, trend_ma_period=15, trend_slope_lookback=2, trend_slope_threshold=0.0003, trend_price_position_filter_enabled=True, range_require_reentry_confirmation=True, trend_require_break_confirmation=True, exit_on_range_middle_band=True, close_on_opposite_trend_state=True, enable_range_failure_exit=True, range_failure_adverse_move_ratio=0.28, enable_range_extreme_touch_entry=False, state=range, middle=156.90075, upper=157.0173362341788, lower=156.78416376582118, upper_3sigma=157.07562935126822, lower_3sigma=156.72587064873176, previous_upper=156.99826898044074, previous_lower=156.7855310195593, normalized_band_width=0.001486, latest_band_width=0.233172, distance_from_middle=0.000741, range_slope=0.000363, trend_slope=0.000152, trend_current_ma=156.91833333333335, latest_high=157.028, latest_low=157.007)",range,156.90075,157.0173362341788,156.78416376582118,0.0014861144281185566,0.00036253838032641866,0.00015209610094438659,156.91833333333335,0.0007409142403717507,"sell position closed because range state returned to middle band: latest close 156.934 <= middle 157.0209 (bollinger_period=20, bollinger_sigma=2.0, bollinger_extreme_sigma=3.0, range_ma_period=10, range_slope_lookback=5, range_slope_threshold=0.0005, range_band_width_threshold=0.003, range_middle_distance_threshold=0.002, trend_ma_period=15, trend_slope_lookback=2, trend_slope_threshold=0.0003, trend_price_position_filter_enabled=True, range_require_reentry_confirmation=True, trend_require_break_confirmation=True, exit_on_range_middle_band=True, close_on_opposite_trend_state=True, enable_range_failure_exit=True, range_failure_adverse_move_ratio=0.28, enable_range_extreme_touch_entry=False, state=range, middle=157.0209, upper=157.13711170336936, lower=156.90468829663067, upper_3sigma=157.195217555054, lower_3sigma=156.84658244494602, previous_upper=157.13752140214874, previous_lower=156.90387859785122, normalized_band_width=0.001480, latest_band_width=0.232423, distance_from_middle=0.000553, range_slope=0.000021, trend_slope=-0.000014, trend_current_ma=157.0447333333333, latest_high=156.934, latest_low=156.875)",range,157.0209,157.13711170336936,156.90468829663067,0.0014802068179375462,2.101198829438599e-05,-1.3584239904557827e-05,157.0447333333333,0.0005534295116128756,,,,,,,,,,,,,,,,,,,,,,,,,,,,,,,,,,,,,,14.19999999999959,7.400000000001228,14,middle_touch_exit,1134,1148,9,13,8,6,13
legacy,,2026-02-06 03:30:00,2026-02-06 04:00:00,buy,156.575,156.77499999999998,19.999999999998863,tp_hit,T-0039,"range mean-reversion buy confirmed by reentry from outside lower band; previous_close=156.558, latest_close=156.575, previous_lower=156.56375852835555, latest_lower=156.54739590169922; range because abs(range_slope)=0.000475 <= threshold=0.000500 and normalized_band_width=0.001791 <= threshold=0.003000 and distance_from_middle=0.000719 <= threshold=0.002000 (bollinger_period=20, bollinger_sigma=2.0, bollinger_extreme_sigma=3.0, range_ma_period=10, range_slope_lookback=5, range_slope_threshold=0.0005, range_band_width_threshold=0.003, range_middle_distance_threshold=0.002, trend_ma_period=15, trend_slope_lookback=2, trend_slope_threshold=0.0003, trend_price_position_filter_enabled=True, range_require_reentry_confirmation=True, trend_require_break_confirmation=True, exit_on_range_middle_band=True, close_on_opposite_trend_state=True, enable_range_failure_exit=True, range_failure_adverse_move_ratio=0.28, enable_range_extreme_touch_entry=False, state=range, middle=156.6877, upper=156.8280040983008, lower=156.54739590169922, upper_3sigma=156.8981561474512, lower_3sigma=156.4772438525488, previous_upper=156.82904147164442, previous_lower=156.56375852835555, normalized_band_width=0.001791, latest_band_width=0.280608, distance_from_middle=0.000719, range_slope=-0.000475, trend_slope=-0.000111, trend_current_ma=156.68566666666666, latest_high=156.624, latest_low=156.514)",range,156.6877,156.8280040983008,156.54739590169922,0.001790875713930173,-0.0004749301967511245,-0.00011105036197725445,156.68566666666666,0.0007192651369572596,,,,,,,,,,,,,,,,,,,,,,,,,,,,,,,,,,,,,,,,,,,,,,,,24.900000000002365,2.4999999999977263,6,,1190,1196,0,5,0,4,5
legacy,,2026-02-06 06:15:00,2026-02-06 06:45:00,buy,156.683,156.64,-4.300000000000637,signal_close,T-0040,"range mean-reversion buy confirmed by reentry from outside lower band; previous_close=156.66, latest_close=156.683, previous_lower=156.66576173816733, latest_lower=156.66197814370187; range because abs(range_slope)=0.000082 <= threshold=0.000500 and normalized_band_width=0.000803 <= threshold=0.003000 and distance_from_middle=0.000267 <= threshold=0.002000 (bollinger_period=20, bollinger_sigma=2.0, bollinger_extreme_sigma=3.0, range_ma_period=10, range_slope_lookback=5, range_slope_threshold=0.0005, range_band_width_threshold=0.003, range_middle_distance_threshold=0.002, trend_ma_period=15, trend_slope_lookback=2, trend_slope_threshold=0.0003, trend_price_position_filter_enabled=True, range_require_reentry_confirmation=True, trend_require_break_confirmation=True, exit_on_range_middle_band=True, close_on_opposite_trend_state=True, enable_range_failure_exit=True, range_failure_adverse_move_ratio=0.28, enable_range_extreme_touch_entry=False, state=range, middle=156.7249, upper=156.7878218562981, lower=156.66197814370187, upper_3sigma=156.81928278444715, lower_3sigma=156.63051721555283, previous_upper=156.79353826183265, previous_lower=156.66576173816733, normalized_band_width=0.000803, latest_band_width=0.125844, distance_from_middle=0.000267, range_slope=-0.000082, trend_slope=-0.000056, trend_current_ma=156.7136, latest_high=156.693, latest_low=156.657)",range,156.7249,156.7878218562981,156.66197814370187,0.0008029592783038046,-8.16801087876859e-05,-5.572798616910473e-05,156.7136,0.00026734743490025055,"buy position closed because range recovery failed and adverse move resumed (entry_price=156.683, previous_close=156.661, latest_close=156.64, middle=156.7005, band_width=0.12699921259599023) (bollinger_period=20, bollinger_sigma=2.0, bollinger_extreme_sigma=3.0, range_ma_period=10, range_slope_lookback=5, range_slope_threshold=0.0005, range_band_width_threshold=0.003, range_middle_distance_threshold=0.002, trend_ma_period=15, trend_slope_lookback=2, trend_slope_threshold=0.0003, trend_price_position_filter_enabled=True, range_require_reentry_confirmation=True, trend_require_break_confirmation=True, exit_on_range_middle_band=True, close_on_opposite_trend_state=True, enable_range_failure_exit=True, range_failure_adverse_move_ratio=0.28, enable_range_extreme_touch_entry=False, state=range, middle=156.7005, upper=156.763999606298, lower=156.637000393702, upper_3sigma=156.795749409447, lower_3sigma=156.605250590553, previous_upper=156.76175479074087, previous_lower=156.64694520925914, normalized_band_width=0.000810, latest_band_width=0.126999, distance_from_middle=0.000386, range_slope=-0.000195, trend_slope=-0.000064, trend_current_ma=156.69273333333334, latest_high=156.677, latest_low=156.64)",range,156.7005,156.763999606298,156.637000393702,0.0008104582473954469,-0.00019466776276311622,-6.381916881075953e-05,156.69273333333334,0.0003860868344390661,,,,,,,,,,,,,,,,,,,,,,,,,,,,,,,,,,,,,,4.400000000001114,5.299999999999727,6,range_failure_exit,1223,1229,1,0,0,1,1
legacy,,2026-02-06 07:45:00,2026-02-06 08:00:00,sell,156.709,156.817,-10.80000000000041,signal_close,T-0041,"range mean-reversion sell confirmed by reentry from outside upper band; previous_close=156.746, latest_close=156.709, previous_upper=156.73585769190848, latest_upper=156.73881543235927; range because abs(range_slope)=0.000140 <= threshold=0.000500 and normalized_band_width=0.000971 <= threshold=0.003000 and distance_from_middle=0.000295 <= threshold=0.002000 (bollinger_period=20, bollinger_sigma=2.0, bollinger_extreme_sigma=3.0, range_ma_period=10, range_slope_lookback=5, range_slope_threshold=0.0005, range_band_width_threshold=0.003, range_middle_distance_threshold=0.002, trend_ma_period=15, trend_slope_lookback=2, trend_slope_threshold=0.0003, trend_price_position_filter_enabled=True, range_require_reentry_confirmation=True, trend_require_break_confirmation=True, exit_on_range_middle_band=True, close_on_opposite_trend_state=True, enable_range_failure_exit=True, range_failure_adverse_move_ratio=0.28, enable_range_extreme_touch_entry=False, state=range, middle=156.66275000000002, upper=156.73881543235927, lower=156.58668456764076, upper_3sigma=156.7768481485389, lower_3sigma=156.54865185146113, previous_upper=156.73585769190848, previous_lower=156.58764230809155, normalized_band_width=0.000971, latest_band_width=0.152131, distance_from_middle=0.000295, range_slope=0.000140, trend_slope=0.000043, trend_current_ma=156.65653333333333, latest_high=156.759, latest_low=156.697)",range,156.66275000000002,156.73881543235927,156.58668456764076,0.00097107234948011,0.0001404318662885631,4.255594404400159e-05,156.65653333333333,0.0002952201464610212,"sell position closed because range recovery failed and adverse move resumed (entry_price=156.709, previous_close=156.759, latest_close=156.817, middle=156.67485, band_width=0.21827423118634215) (bollinger_period=20, bollinger_sigma=2.0, bollinger_extreme_sigma=3.0, range_ma_period=10, range_slope_lookback=5, range_slope_threshold=0.0005, range_band_width_threshold=0.003, range_middle_distance_threshold=0.002, trend_ma_period=15, trend_slope_lookback=2, trend_slope_threshold=0.0003, trend_price_position_filter_enabled=True, range_require_reentry_confirmation=True, trend_require_break_confirmation=True, exit_on_range_middle_band=True, close_on_opposite_trend_state=True, enable_range_failure_exit=True, range_failure_adverse_move_ratio=0.28, enable_range_extreme_touch_entry=False, state=range, middle=156.67485, upper=156.78398711559316, lower=156.56571288440682, upper_3sigma=156.83855567338978, lower_3sigma=156.5111443266102, previous_upper=156.75881548550757, previous_lower=156.58008451449246, normalized_band_width=0.001393, latest_band_width=0.218274, distance_from_middle=0.000907, range_slope=0.000373, trend_slope=0.000117, trend_current_ma=156.67886666666666, latest_high=156.831, latest_low=156.759)",range,156.67485,156.78398711559316,156.56571288440682,0.0013931670027853365,0.0003726823814404557,0.0001170121645847052,156.67886666666666,0.0009072930339490678,,,,,,,,,,,,,,,,,,,,,,,,,,,,,,,,,,,,,,1.500000000001478,12.199999999998568,3,range_failure_exit,1241,1244,0,0,1,1,1
legacy,,2026-02-06 10:05:00,2026-02-06 10:50:00,sell,156.856,156.933,-7.699999999999818,signal_close,T-0042,"range mean-reversion sell confirmed by reentry from outside upper band; previous_close=156.932, latest_close=156.856, previous_upper=156.92941202819344, latest_upper=156.9277127907419; range because abs(range_slope)=0.000483 <= threshold=0.000500 and normalized_band_width=0.001559 <= threshold=0.003000 and distance_from_middle=0.000322 <= threshold=0.002000 (bollinger_period=20, bollinger_sigma=2.0, bollinger_extreme_sigma=3.0, range_ma_period=10, range_slope_lookback=5, range_slope_threshold=0.0005, range_band_width_threshold=0.003, range_middle_distance_threshold=0.002, trend_ma_period=15, trend_slope_lookback=2, trend_slope_threshold=0.0003, trend_price_position_filter_enabled=True, range_require_reentry_confirmation=True, trend_require_break_confirmation=True, exit_on_range_middle_band=True, close_on_opposite_trend_state=True, enable_range_failure_exit=True, range_failure_adverse_move_ratio=0.28, enable_range_extreme_touch_entry=False, state=range, middle=156.80545, upper=156.9277127907419, lower=156.6831872092581, upper_3sigma=156.98884418611286, lower_3sigma=156.62205581388716, previous_upper=156.92941202819344, previous_lower=156.68268797180656, normalized_band_width=0.001559, latest_band_width=0.244526, distance_from_middle=0.000322, range_slope=0.000483, trend_slope=0.000074, trend_current_ma=156.80020000000002, latest_high=156.934, latest_low=156.847)",range,156.80545,156.9277127907419,156.6831872092581,0.0015594201699226603,0.00048331356721128827,7.44046670009635e-05,156.80020000000002,0.0003223739991179324,"sell position closed because range recovery failed and adverse move resumed (entry_price=156.856, previous_close=156.895, latest_close=156.933, middle=156.8432, band_width=0.21678228709930636) (bollinger_period=20, bollinger_sigma=2.0, bollinger_extreme_sigma=3.0, range_ma_period=10, range_slope_lookback=5, range_slope_threshold=0.0005, range_band_width_threshold=0.003, range_middle_distance_threshold=0.002, trend_ma_period=15, trend_slope_lookback=2, trend_slope_threshold=0.0003, trend_price_position_filter_enabled=True, range_require_reentry_confirmation=True, trend_require_break_confirmation=True, exit_on_range_middle_band=True, close_on_opposite_trend_state=True, enable_range_failure_exit=True, range_failure_adverse_move_ratio=0.28, enable_range_extreme_touch_entry=False, state=range, middle=156.8432, upper=156.95159114354965, lower=156.73480885645034, upper_3sigma=157.00578671532446, lower_3sigma=156.68061328467553, previous_upper=156.94892420993563, previous_lower=156.71397579006435, normalized_band_width=0.001382, latest_band_width=0.216782, distance_from_middle=0.000573, range_slope=0.000027, trend_slope=0.000130, trend_current_ma=156.86693333333332, latest_high=156.945, latest_low=156.896)",range,156.8432,156.95159114354965,156.73480885645034,0.0013821592973065225,2.7412403028809532e-05,0.00013004652775767757,156.86693333333332,0.000572546339273853,,,,,,,,,,,,,,,,,,,,,,,,,,,,,,,,,,,,,,6.000000000000227,8.899999999999864,9,range_failure_exit,1269,1278,0,1,0,9,9
legacy,,2026-02-06 11:10:00,2026-02-06 12:25:00,sell,157.053,156.978,7.499999999998863,signal_close,T-0043,"range mean-reversion sell confirmed by reentry from outside upper band; previous_close=157.054, latest_close=157.053, previous_upper=157.03028754915556, latest_upper=157.05347437294765; range because abs(range_slope)=0.000460 <= threshold=0.000500 and normalized_band_width=0.002039 <= threshold=0.003000 and distance_from_middle=0.001017 <= threshold=0.002000 (bollinger_period=20, bollinger_sigma=2.0, bollinger_extreme_sigma=3.0, range_ma_period=10, range_slope_lookback=5, range_slope_threshold=0.0005, range_band_width_threshold=0.003, range_middle_distance_threshold=0.002, trend_ma_period=15, trend_slope_lookback=2, trend_slope_threshold=0.0003, trend_price_position_filter_enabled=True, range_require_reentry_confirmation=True, trend_require_break_confirmation=True, exit_on_range_middle_band=True, close_on_opposite_trend_state=True, enable_range_failure_exit=True, range_failure_adverse_move_ratio=0.28, enable_range_extreme_touch_entry=False, state=range, middle=156.8935, upper=157.05347437294765, lower=156.73352562705233, upper_3sigma=157.1334615594215, lower_3sigma=156.65353844057847, previous_upper=157.03028754915556, previous_lower=156.72831245084444, normalized_band_width=0.002039, latest_band_width=0.319949, distance_from_middle=0.001017, range_slope=0.000460, trend_slope=0.000141, trend_current_ma=156.91186666666667, latest_high=157.075, latest_low=157.044)",range,156.8935,157.05347437294765,156.73352562705233,0.0020392734300357707,0.0004600619108245135,0.0001410558283673199,156.91186666666667,0.0010166131802783953,"sell position closed because range state returned to middle band: latest close 156.978 <= middle 157.0211 (bollinger_period=20, bollinger_sigma=2.0, bollinger_extreme_sigma=3.0, range_ma_period=10, range_slope_lookback=5, range_slope_threshold=0.0005, range_band_width_threshold=0.003, range_middle_distance_threshold=0.002, trend_ma_period=15, trend_slope_lookback=2, trend_slope_threshold=0.0003, trend_price_position_filter_enabled=True, range_require_reentry_confirmation=True, trend_require_break_confirmation=True, exit_on_range_middle_band=True, close_on_opposite_trend_state=True, enable_range_failure_exit=True, range_failure_adverse_move_ratio=0.28, enable_range_extreme_touch_entry=False, state=range, middle=157.0211, upper=157.07906171149992, lower=156.96313828850006, upper_3sigma=157.10804256724987, lower_3sigma=156.9341574327501, previous_upper=157.0950485915366, previous_lower=156.93885140846342, normalized_band_width=0.000738, latest_band_width=0.115923, distance_from_middle=0.000274, range_slope=-0.000048, trend_slope=-0.000048, trend_current_ma=157.02506666666667, latest_high=157.023, latest_low=156.974)",range,157.0211,157.07906171149992,156.96313828850006,0.000738266532331362,-4.776370340664489e-05,-4.755079443786515e-05,157.02506666666667,0.00027448540355392534,,,,,,,,,,,,,,,,,,,,,,,,,,,,,,,,,,,,,,7.900000000000773,2.600000000001046,15,middle_touch_exit,1282,1297,5,14,4,8,14
legacy,,2026-02-06 12:45:00,2026-02-06 13:00:00,buy,156.947,157.033,8.599999999998431,signal_close,T-0044,"range mean-reversion buy confirmed by reentry from outside lower band; previous_close=156.921, latest_close=156.947, previous_lower=156.94013309650717, latest_lower=156.93142991328747; range because abs(range_slope)=0.000241 <= threshold=0.000500 and normalized_band_width=0.000999 <= threshold=0.003000 and distance_from_middle=0.000400 <= threshold=0.002000 (bollinger_period=20, bollinger_sigma=2.0, bollinger_extreme_sigma=3.0, range_ma_period=10, range_slope_lookback=5, range_slope_threshold=0.0005, range_band_width_threshold=0.003, range_middle_distance_threshold=0.002, trend_ma_period=15, trend_slope_lookback=2, trend_slope_threshold=0.0003, trend_price_position_filter_enabled=True, range_require_reentry_confirmation=True, trend_require_break_confirmation=True, exit_on_range_middle_band=True, close_on_opposite_trend_state=True, enable_range_failure_exit=True, range_failure_adverse_move_ratio=0.28, enable_range_extreme_touch_entry=False, state=range, middle=157.00985, upper=157.08827008671253, lower=156.93142991328747, upper_3sigma=157.1274801300688, lower_3sigma=156.8922198699312, previous_upper=157.09026690349282, previous_lower=156.94013309650717, normalized_band_width=0.000999, latest_band_width=0.156840, distance_from_middle=0.000400, range_slope=-0.000241, trend_slope=-0.000080, trend_current_ma=156.99966666666666, latest_high=156.95, latest_low=156.918)",range,157.00985,157.08827008671253,156.93142991328747,0.0009989193252847057,-0.00024078411538275613,-8.025494746286323e-05,156.99966666666666,0.00040029335739125545,"buy position closed because range state returned to middle band: latest close 157.033 >= middle 157.00039999999998 (bollinger_period=20, bollinger_sigma=2.0, bollinger_extreme_sigma=3.0, range_ma_period=10, range_slope_lookback=5, range_slope_threshold=0.0005, range_band_width_threshold=0.003, range_middle_distance_threshold=0.002, trend_ma_period=15, trend_slope_lookback=2, trend_slope_threshold=0.0003, trend_price_position_filter_enabled=True, range_require_reentry_confirmation=True, trend_require_break_confirmation=True, exit_on_range_middle_band=True, close_on_opposite_trend_state=True, enable_range_failure_exit=True, range_failure_adverse_move_ratio=0.28, enable_range_extreme_touch_entry=False, state=range, middle=157.00039999999998, upper=157.0767214255632, lower=156.92407857443678, upper_3sigma=157.1148821383448, lower_3sigma=156.88591786165517, previous_upper=157.07619894736115, previous_lower=156.92420105263886, normalized_band_width=0.000972, latest_band_width=0.152643, distance_from_middle=0.000208, range_slope=-0.000219, trend_slope=-0.000024, trend_current_ma=156.9936, latest_high=157.033, latest_low=156.951)",range,157.00039999999998,157.0767214255632,156.92407857443678,0.0009722449823466421,-0.00021850794113901468,-2.4204808348954736e-05,156.9936,0.00020764278307572583,,,,,,,,,,,,,,,,,,,,,,,,,,,,,,,,,,,,,,8.599999999998431,0.9000000000014552,3,middle_touch_exit,1301,1304,0,0,0,2,2
legacy,,2026-02-06 13:20:00,2026-02-06 14:15:00,sell,157.078,157.018,6.000000000000227,signal_close,T-0045,"range mean-reversion sell confirmed by reentry from outside upper band; previous_close=157.147, latest_close=157.078, previous_upper=157.11339703591455, latest_upper=157.11958757538937; range because abs(range_slope)=0.000231 <= threshold=0.000500 and normalized_band_width=0.001360 <= threshold=0.003000 and distance_from_middle=0.000415 <= threshold=0.002000 (bollinger_period=20, bollinger_sigma=2.0, bollinger_extreme_sigma=3.0, range_ma_period=10, range_slope_lookback=5, range_slope_threshold=0.0005, range_band_width_threshold=0.003, range_middle_distance_threshold=0.002, trend_ma_period=15, trend_slope_lookback=2, trend_slope_threshold=0.0003, trend_price_position_filter_enabled=True, range_require_reentry_confirmation=True, trend_require_break_confirmation=True, exit_on_range_middle_band=True, close_on_opposite_trend_state=True, enable_range_failure_exit=True, range_failure_adverse_move_ratio=0.28, enable_range_extreme_touch_entry=False, state=range, middle=157.01285000000001, upper=157.11958757538937, lower=156.90611242461065, upper_3sigma=157.17295636308407, lower_3sigma=156.85274363691596, previous_upper=157.11339703591455, previous_lower=156.90760296408547, normalized_band_width=0.001360, latest_band_width=0.213475, distance_from_middle=0.000415, range_slope=0.000231, trend_slope=0.000067, trend_current_ma=157.00626666666668, latest_high=157.157, latest_low=157.071)",range,157.01285000000001,157.11958757538937,156.90611242461065,0.0013596030565569633,0.00023119693775523268,6.708861726968398e-05,157.00626666666668,0.00041493419169188057,"sell position closed because range state returned to middle band: latest close 157.018 <= middle 157.0375 (bollinger_period=20, bollinger_sigma=2.0, bollinger_extreme_sigma=3.0, range_ma_period=10, range_slope_lookback=5, range_slope_threshold=0.0005, range_band_width_threshold=0.003, range_middle_distance_threshold=0.002, trend_ma_period=15, trend_slope_lookback=2, trend_slope_threshold=0.0003, trend_price_position_filter_enabled=True, range_require_reentry_confirmation=True, trend_require_break_confirmation=True, exit_on_range_middle_band=True, close_on_opposite_trend_state=True, enable_range_failure_exit=True, range_failure_adverse_move_ratio=0.28, enable_range_extreme_touch_entry=False, state=range, middle=157.0375, upper=157.1434933960207, lower=156.9315066039793, upper_3sigma=157.19649009403105, lower_3sigma=156.87850990596894, previous_upper=157.1485717469747, previous_lower=156.91782825302528, normalized_band_width=0.001350, latest_band_width=0.211987, distance_from_middle=0.000124, range_slope=-0.000115, trend_slope=0.000027, trend_current_ma=157.06173333333334, latest_high=157.043, latest_low=157.003)",range,157.0375,157.1434933960207,156.9315066039793,0.0013499119130232378,-0.00011460996953922134,2.7165539155301545e-05,157.06173333333334,0.00012417416222235857,,,,,,,,,,,,,,,,,,,,,,,,,,,,,,,,,,,,,,7.500000000001705,3.0000000000001137,11,middle_touch_exit,1308,1319,0,1,8,8,10
legacy,,2026-02-06 22:50:00,2026-02-06 22:55:00,sell,157.127,157.094,3.300000000001546,signal_close,T-0046,"range mean-reversion sell confirmed by reentry from outside upper band; previous_close=157.132, latest_close=157.127, previous_upper=157.12772864927126, latest_upper=157.13006090022688; range because abs(range_slope)=0.000041 <= threshold=0.000500 and normalized_band_width=0.000314 <= threshold=0.003000 and distance_from_middle=0.000137 <= threshold=0.002000 (bollinger_period=20, bollinger_sigma=2.0, bollinger_extreme_sigma=3.0, range_ma_period=10, range_slope_lookback=5, range_slope_threshold=0.0005, range_band_width_threshold=0.003, range_middle_distance_threshold=0.002, trend_ma_period=15, trend_slope_lookback=2, trend_slope_threshold=0.0003, trend_price_position_filter_enabled=True, range_require_reentry_confirmation=True, trend_require_break_confirmation=True, exit_on_range_middle_band=True, close_on_opposite_trend_state=True, enable_range_failure_exit=True, range_failure_adverse_move_ratio=0.28, enable_range_extreme_touch_entry=False, state=range, middle=157.1054, upper=157.13006090022688, lower=157.08073909977313, upper_3sigma=157.14239135034032, lower_3sigma=157.0684086496597, previous_upper=157.12772864927126, previous_lower=157.07857135072874, normalized_band_width=0.000314, latest_band_width=0.049322, distance_from_middle=0.000137, range_slope=0.000041, trend_slope=0.000019, trend_current_ma=157.10746666666668, latest_high=157.138, latest_low=157.117)",range,157.1054,157.13006090022688,157.08073909977313,0.00031394083496655046,4.073576428258594e-05,1.8670871573335648e-05,157.10746666666668,0.0001374873174315237,"sell position closed because range state returned to middle band: latest close 157.094 <= middle 157.1053 (bollinger_period=20, bollinger_sigma=2.0, bollinger_extreme_sigma=3.0, range_ma_period=10, range_slope_lookback=5, range_slope_threshold=0.0005, range_band_width_threshold=0.003, range_middle_distance_threshold=0.002, trend_ma_period=15, trend_slope_lookback=2, trend_slope_threshold=0.0003, trend_price_position_filter_enabled=True, range_require_reentry_confirmation=True, trend_require_break_confirmation=True, exit_on_range_middle_band=True, close_on_opposite_trend_state=True, enable_range_failure_exit=True, range_failure_adverse_move_ratio=0.28, enable_range_extreme_touch_entry=False, state=range, middle=157.1053, upper=157.1301282097623, lower=157.0804717902377, upper_3sigma=157.14254231464344, lower_3sigma=157.06805768535656, previous_upper=157.13006090022688, previous_lower=157.08073909977313, normalized_band_width=0.000316, latest_band_width=0.049656, distance_from_middle=0.000072, range_slope=0.000043, trend_slope=0.000003, trend_current_ma=157.10660000000001, latest_high=157.127, latest_low=157.094)",range,157.1053,157.1301282097623,157.0804717902377,0.0003160709379287713,4.264522608986217e-05,3.394722649150565e-06,157.10660000000001,7.192628129035519e-05,,,,,,,,,,,,,,,,,,,,,,,,,,,,,,,,,,,,,,3.300000000001546,0.0,1,middle_touch_exit,1422,1423,0,0,0,0,0
legacy,,2026-02-06 23:30:00,2026-02-06 23:35:00,sell,157.144,157.177,-3.299999999998704,signal_close,T-0047,"range mean-reversion sell confirmed by reentry from outside upper band; previous_close=157.151, latest_close=157.144, previous_upper=157.14019733321484, latest_upper=157.14532377187345; range because abs(range_slope)=0.000082 <= threshold=0.000500 and normalized_band_width=0.000418 <= threshold=0.003000 and distance_from_middle=0.000200 <= threshold=0.002000 (bollinger_period=20, bollinger_sigma=2.0, bollinger_extreme_sigma=3.0, range_ma_period=10, range_slope_lookback=5, range_slope_threshold=0.0005, range_band_width_threshold=0.003, range_middle_distance_threshold=0.002, trend_ma_period=15, trend_slope_lookback=2, trend_slope_threshold=0.0003, trend_price_position_filter_enabled=True, range_require_reentry_confirmation=True, trend_require_break_confirmation=True, exit_on_range_middle_band=True, close_on_opposite_trend_state=True, enable_range_failure_exit=True, range_failure_adverse_move_ratio=0.28, enable_range_extreme_touch_entry=False, state=range, middle=157.1125, upper=157.14532377187345, lower=157.07967622812657, upper_3sigma=157.1617356578102, lower_3sigma=157.06326434218983, previous_upper=157.14019733321484, previous_lower=157.0802026667852, normalized_band_width=0.000418, latest_band_width=0.065648, distance_from_middle=0.000200, range_slope=0.000082, trend_slope=0.000031, trend_current_ma=157.11593333333334, latest_high=157.153, latest_low=157.141)",range,157.1125,157.14532377187345,157.07967622812657,0.00041783781523988916,8.210217201597421e-05,3.055068889692856e-05,157.11593333333334,0.00020049327711031323,"sell position closed because range recovery failed and adverse move resumed (entry_price=157.144, previous_close=157.144, latest_close=157.177, middle=157.11645000000001, band_width=0.08497034776911505) (bollinger_period=20, bollinger_sigma=2.0, bollinger_extreme_sigma=3.0, range_ma_period=10, range_slope_lookback=5, range_slope_threshold=0.0005, range_band_width_threshold=0.003, range_middle_distance_threshold=0.002, trend_ma_period=15, trend_slope_lookback=2, trend_slope_threshold=0.0003, trend_price_position_filter_enabled=True, range_require_reentry_confirmation=True, trend_require_break_confirmation=True, exit_on_range_middle_band=True, close_on_opposite_trend_state=True, enable_range_failure_exit=True, range_failure_adverse_move_ratio=0.28, enable_range_extreme_touch_entry=False, state=range, middle=157.11645000000001, upper=157.15893517388457, lower=157.07396482611546, upper_3sigma=157.18017776082684, lower_3sigma=157.0527222391732, previous_upper=157.14532377187345, previous_lower=157.07967622812657, normalized_band_width=0.000541, latest_band_width=0.084970, distance_from_middle=0.000385, range_slope=0.000104, trend_slope=0.000037, trend_current_ma=157.12033333333332, latest_high=157.181, latest_low=157.146)",range,157.11645000000001,157.15893517388457,157.07396482611546,0.0005408112757710287,0.00010373853307350602,3.733868521133938e-05,157.12033333333332,0.00038538294366998425,,,,,,,,,,,,,,,,,,,,,,,,,,,,,,,,,,,,,,-0.1999999999981128,3.700000000000614,1,range_failure_exit,1430,1431,1,0,1,0,1
legacy,,2026-02-09 00:05:00,2026-02-09 00:10:00,sell,157.163,157.029,13.400000000001455,signal_close,T-0048,"range mean-reversion sell confirmed by reentry from outside upper band; previous_close=157.486, latest_close=157.163, previous_upper=157.31593123971624, latest_upper=157.3177178583143; range because abs(range_slope)=0.000434 <= threshold=0.000500 and normalized_band_width=0.002148 <= threshold=0.003000 and distance_from_middle=0.000089 <= threshold=0.002000 (bollinger_period=20, bollinger_sigma=2.0, bollinger_extreme_sigma=3.0, range_ma_period=10, range_slope_lookback=5, range_slope_threshold=0.0005, range_band_width_threshold=0.003, range_middle_distance_threshold=0.002, trend_ma_period=15, trend_slope_lookback=2, trend_slope_threshold=0.0003, trend_price_position_filter_enabled=True, range_require_reentry_confirmation=True, trend_require_break_confirmation=True, exit_on_range_middle_band=True, close_on_opposite_trend_state=True, enable_range_failure_exit=True, range_failure_adverse_move_ratio=0.28, enable_range_extreme_touch_entry=False, state=range, middle=157.14894999999999, upper=157.3177178583143, lower=156.98018214168567, upper_3sigma=157.40210178747145, lower_3sigma=156.89579821252852, previous_upper=157.31593123971624, previous_lower=156.9778687602838, normalized_band_width=0.002148, latest_band_width=0.337536, distance_from_middle=0.000089, range_slope=0.000434, trend_slope=0.000186, trend_current_ma=157.16353333333333, latest_high=157.5, latest_low=156.882)",range,157.14894999999999,157.3177178583143,156.98018214168567,0.002147871281536543,0.00043387121913371243,0.00018579373586665143,157.16353333333333,8.940562440936371e-05,"sell position closed because range state returned to middle band: latest close 157.029 <= middle 157.14485 (bollinger_period=20, bollinger_sigma=2.0, bollinger_extreme_sigma=3.0, range_ma_period=10, range_slope_lookback=5, range_slope_threshold=0.0005, range_band_width_threshold=0.003, range_middle_distance_threshold=0.002, trend_ma_period=15, trend_slope_lookback=2, trend_slope_threshold=0.0003, trend_price_position_filter_enabled=True, range_require_reentry_confirmation=True, trend_require_break_confirmation=True, exit_on_range_middle_band=True, close_on_opposite_trend_state=True, enable_range_failure_exit=True, range_failure_adverse_move_ratio=0.28, enable_range_extreme_touch_entry=False, state=range, middle=157.14485, upper=157.32093211152753, lower=156.96876788847246, upper_3sigma=157.4089731672913, lower_3sigma=156.8807268327087, previous_upper=157.3177178583143, previous_lower=156.98018214168567, normalized_band_width=0.002241, latest_band_width=0.352164, distance_from_middle=0.000737, range_slope=0.000346, trend_slope=-0.000020, trend_current_ma=157.15666666666667, latest_high=157.211, latest_low=157.029)",range,157.14485,157.32093211152753,156.96876788847246,0.0022410166356394735,0.0003460995723379084,-2.0361846989337374e-05,157.15666666666667,0.0007372179234635732,,,,,,,,,,,,,,,,,,,,,,,,,,,,,,,,,,,,,,13.400000000001455,4.800000000000182,1,middle_touch_exit,1435,1436,1,0,1,1,1
legacy,,2026-02-09 01:05:00,2026-02-09 01:30:00,buy,157.598,157.39800000000002,-19.999999999998863,sl_hit,T-0049,"trend-follow buy confirmed by upper band breakout; previous_close=157.496, latest_close=157.598, previous_upper=157.53642014744142, latest_upper=157.58949508319867; trend_up because trend_slope=0.000308 > threshold=0.000300 and latest_close=157.598 >= trend_ma=157.32613333333333 (bollinger_period=20, bollinger_sigma=2.0, bollinger_extreme_sigma=3.0, range_ma_period=10, range_slope_lookback=5, range_slope_threshold=0.0005, range_band_width_threshold=0.003, range_middle_distance_threshold=0.002, trend_ma_period=15, trend_slope_lookback=2, trend_slope_threshold=0.0003, trend_price_position_filter_enabled=True, range_require_reentry_confirmation=True, trend_require_break_confirmation=True, exit_on_range_middle_band=True, close_on_opposite_trend_state=True, enable_range_failure_exit=True, range_failure_adverse_move_ratio=0.28, enable_range_extreme_touch_entry=False, state=trend_up, middle=157.28315, upper=157.58949508319867, lower=156.97680491680134, upper_3sigma=157.742667624798, lower_3sigma=156.823632375202, previous_upper=157.53642014744142, previous_lower=156.9829798525586, normalized_band_width=0.003895, latest_band_width=0.612690, distance_from_middle=0.002002, range_slope=0.000784, trend_slope=0.000308, trend_current_ma=157.32613333333333, latest_high=157.609, latest_low=157.497)",trend_up,157.28315,157.58949508319867,156.97680491680134,0.003895459662381689,0.0007840655514381015,0.00030806494534488585,157.32613333333333,0.0020018037532946596,,,,,,,,,,,,,,,,,,,,,,,,,,,,,,,,,,,,,,,,,,,,,,,,4.599999999999227,27.40000000000009,5,,1447,1452,4,0,4,4,4
legacy,,2026-02-09 03:30:00,2026-02-09 03:45:00,sell,156.347,156.547,-19.999999999998863,sl_hit,T-0050,"trend-follow sell confirmed by lower band breakout; previous_close=156.544, latest_close=156.347, previous_lower=156.5365061648361, latest_lower=156.46399813131785; trend_down because trend_slope=-0.000377 < -threshold=0.000300 and latest_close=156.347 <= trend_ma=156.78740000000002 (bollinger_period=20, bollinger_sigma=2.0, bollinger_extreme_sigma=3.0, range_ma_period=10, range_slope_lookback=5, range_slope_threshold=0.0005, range_band_width_threshold=0.003, range_middle_distance_threshold=0.002, trend_ma_period=15, trend_slope_lookback=2, trend_slope_threshold=0.0003, trend_price_position_filter_enabled=True, range_require_reentry_confirmation=True, trend_require_break_confirmation=True, exit_on_range_middle_band=True, close_on_opposite_trend_state=True, enable_range_failure_exit=True, range_failure_adverse_move_ratio=0.28, enable_range_extreme_touch_entry=False, state=trend_down, middle=156.83525, upper=157.20650186868215, lower=156.46399813131785, upper_3sigma=157.39212780302324, lower_3sigma=156.27837219697676, previous_upper=157.2258938351639, previous_lower=156.5365061648361, normalized_band_width=0.004734, latest_band_width=0.742504, distance_from_middle=0.003113, range_slope=-0.000989, trend_slope=-0.000377, trend_current_ma=156.78740000000002, latest_high=156.547, latest_low=156.314)",trend_down,156.83525,157.20650186868215,156.46399813131785,0.004734291158169495,-0.0009889486582518906,-0.0003771561575311972,156.78740000000002,0.0031131394249697924,,,,,,,,,,,,,,,,,,,,,,,,,,,,,,,,,,,,,,,,,,,,,,,,12.600000000000477,33.499999999997954,3,,1476,1479,1,2,0,0,2
legacy,,2026-02-09 06:30:00,2026-02-09 07:15:00,buy,156.693,156.599,-9.400000000002251,signal_close,T-0051,"range mean-reversion buy confirmed by reentry from outside lower band; previous_close=156.673, latest_close=156.693, previous_lower=156.70792325411168, latest_lower=156.68912859144106; range because abs(range_slope)=0.000415 <= threshold=0.000500 and normalized_band_width=0.001626 <= threshold=0.003000 and distance_from_middle=0.000788 <= threshold=0.002000 (bollinger_period=20, bollinger_sigma=2.0, bollinger_extreme_sigma=3.0, range_ma_period=10, range_slope_lookback=5, range_slope_threshold=0.0005, range_band_width_threshold=0.003, range_middle_distance_threshold=0.002, trend_ma_period=15, trend_slope_lookback=2, trend_slope_threshold=0.0003, trend_price_position_filter_enabled=True, range_require_reentry_confirmation=True, trend_require_break_confirmation=True, exit_on_range_middle_band=True, close_on_opposite_trend_state=True, enable_range_failure_exit=True, range_failure_adverse_move_ratio=0.28, enable_range_extreme_touch_entry=False, state=range, middle=156.8166, upper=156.94407140855893, lower=156.68912859144106, upper_3sigma=157.0078071128384, lower_3sigma=156.62539288716158, previous_upper=156.9366767458883, previous_lower=156.70792325411168, normalized_band_width=0.001626, latest_band_width=0.254943, distance_from_middle=0.000788, range_slope=-0.000415, trend_slope=-0.000148, trend_current_ma=156.803, latest_high=156.719, latest_low=156.666)",range,156.8166,156.94407140855893,156.68912859144106,0.0016257387108116405,-0.00041459554928487195,-0.0001483815148093036,156.803,0.0007881818633995505,"buy position closed because range recovery failed and adverse move resumed (entry_price=156.693, previous_close=156.622, latest_close=156.599, middle=156.7353, band_width=0.3300038787650692) (bollinger_period=20, bollinger_sigma=2.0, bollinger_extreme_sigma=3.0, range_ma_period=10, range_slope_lookback=5, range_slope_threshold=0.0005, range_band_width_threshold=0.003, range_middle_distance_threshold=0.002, trend_ma_period=15, trend_slope_lookback=2, trend_slope_threshold=0.0003, trend_price_position_filter_enabled=True, range_require_reentry_confirmation=True, trend_require_break_confirmation=True, exit_on_range_middle_band=True, close_on_opposite_trend_state=True, enable_range_failure_exit=True, range_failure_adverse_move_ratio=0.28, enable_range_extreme_touch_entry=False, state=range, middle=156.7353, upper=156.90030193938253, lower=156.57029806061746, upper_3sigma=156.9828029090738, lower_3sigma=156.4877970909262, previous_upper=156.90095991111681, previous_lower=156.59044008888318, normalized_band_width=0.002105, latest_band_width=0.330004, distance_from_middle=0.000870, range_slope=-0.000357, trend_slope=-0.000221, trend_current_ma=156.70033333333333, latest_high=156.63, latest_low=156.578)",range,156.7353,156.90030193938253,156.57029806061746,0.002105485355022571,-0.00035742232127933954,-0.00022080361454230034,156.70033333333333,0.0008696190328535158,,,,,,,,,,,,,,,,,,,,,,,,,,,,,,,,,,,,,,6.599999999997408,11.50000000000091,9,range_failure_exit,1512,1521,6,1,9,7,9
legacy,,2026-02-09 08:05:00,2026-02-09 08:55:00,buy,156.474,156.529,5.500000000000682,signal_close,T-0052,"range mean-reversion buy confirmed by reentry from outside lower band; previous_close=156.405, latest_close=156.474, previous_lower=156.47494916826835, latest_lower=156.45209349894284; range because abs(range_slope)=0.000358 <= threshold=0.000500 and normalized_band_width=0.002161 <= threshold=0.003000 and distance_from_middle=0.000940 <= threshold=0.002000 (bollinger_period=20, bollinger_sigma=2.0, bollinger_extreme_sigma=3.0, range_ma_period=10, range_slope_lookback=5, range_slope_threshold=0.0005, range_band_width_threshold=0.003, range_middle_distance_threshold=0.002, trend_ma_period=15, trend_slope_lookback=2, trend_slope_threshold=0.0003, trend_price_position_filter_enabled=True, range_require_reentry_confirmation=True, trend_require_break_confirmation=True, exit_on_range_middle_band=True, close_on_opposite_trend_state=True, enable_range_failure_exit=True, range_failure_adverse_move_ratio=0.28, enable_range_extreme_touch_entry=False, state=range, middle=156.6213, upper=156.79050650105714, lower=156.45209349894284, upper_3sigma=156.8751097515857, lower_3sigma=156.36749024841427, previous_upper=156.78755083173164, previous_lower=156.47494916826835, normalized_band_width=0.002161, latest_band_width=0.338413, distance_from_middle=0.000940, range_slope=-0.000358, trend_slope=-0.000233, trend_current_ma=156.5882, latest_high=156.505, latest_low=156.38)",range,156.6213,156.79050650105714,156.45209349894284,0.0021607086782850973,-0.0003583171739312854,-0.00023288259694316112,156.5882,0.0009404851064318923,"buy position closed because range state returned to middle band: latest close 156.529 >= middle 156.4971 (bollinger_period=20, bollinger_sigma=2.0, bollinger_extreme_sigma=3.0, range_ma_period=10, range_slope_lookback=5, range_slope_threshold=0.0005, range_band_width_threshold=0.003, range_middle_distance_threshold=0.002, trend_ma_period=15, trend_slope_lookback=2, trend_slope_threshold=0.0003, trend_price_position_filter_enabled=True, range_require_reentry_confirmation=True, trend_require_break_confirmation=True, exit_on_range_middle_band=True, close_on_opposite_trend_state=True, enable_range_failure_exit=True, range_failure_adverse_move_ratio=0.28, enable_range_extreme_touch_entry=False, state=range, middle=156.4971, upper=156.69189620119496, lower=156.302303798805, upper_3sigma=156.78929430179247, lower_3sigma=156.2049056982075, previous_upper=156.7000235693192, previous_lower=156.30117643068084, normalized_band_width=0.002489, latest_band_width=0.389592, distance_from_middle=0.000204, range_slope=-0.000347, trend_slope=-0.000070, trend_current_ma=156.46, latest_high=156.533, latest_low=156.448)",range,156.4971,156.69189620119496,156.302303798805,0.00248945445244641,-0.0003471223366512092,-7.030550939534501e-05,156.46,0.00020383764299790455,,,,,,,,,,,,,,,,,,,,,,,,,,,,,,,,,,,,,,9.200000000001296,18.099999999998317,10,middle_touch_exit,1531,1541,7,9,4,9,10
legacy,,2026-02-09 09:55:00,2026-02-09 10:15:00,sell,156.599,156.732,-13.300000000000978,signal_close,T-0053,"range mean-reversion sell confirmed by reentry from outside upper band; previous_close=156.625, latest_close=156.599, previous_upper=156.60592757238416, latest_upper=156.62341166029256; range because abs(range_slope)=0.000048 <= threshold=0.000500 and normalized_band_width=0.002142 <= threshold=0.003000 and distance_from_middle=0.000915 <= threshold=0.002000 (bollinger_period=20, bollinger_sigma=2.0, bollinger_extreme_sigma=3.0, range_ma_period=10, range_slope_lookback=5, range_slope_threshold=0.0005, range_band_width_threshold=0.003, range_middle_distance_threshold=0.002, trend_ma_period=15, trend_slope_lookback=2, trend_slope_threshold=0.0003, trend_price_position_filter_enabled=True, range_require_reentry_confirmation=True, trend_require_break_confirmation=True, exit_on_range_middle_band=True, close_on_opposite_trend_state=True, enable_range_failure_exit=True, range_failure_adverse_move_ratio=0.28, enable_range_extreme_touch_entry=False, state=range, middle=156.45585, upper=156.62341166029256, lower=156.28828833970744, upper_3sigma=156.70719249043884, lower_3sigma=156.20450750956115, previous_upper=156.60592757238416, previous_lower=156.29517242761582, normalized_band_width=0.002142, latest_band_width=0.335123, distance_from_middle=0.000915, range_slope=0.000048, trend_slope=0.000222, trend_current_ma=156.47906666666668, latest_high=156.685, latest_low=156.587)",range,156.45585,156.62341166029256,156.28828833970744,0.0021419673382946426,4.793097938963527e-05,0.0002219679224399951,156.47906666666668,0.0009149546022088113,"sell position closed because range recovery failed and adverse move resumed (entry_price=156.599, previous_close=156.612, latest_close=156.732, middle=156.50325, band_width=0.42909556045242425) (bollinger_period=20, bollinger_sigma=2.0, bollinger_extreme_sigma=3.0, range_ma_period=10, range_slope_lookback=5, range_slope_threshold=0.0005, range_band_width_threshold=0.003, range_middle_distance_threshold=0.002, trend_ma_period=15, trend_slope_lookback=2, trend_slope_threshold=0.0003, trend_price_position_filter_enabled=True, range_require_reentry_confirmation=True, trend_require_break_confirmation=True, exit_on_range_middle_band=True, close_on_opposite_trend_state=True, enable_range_failure_exit=True, range_failure_adverse_move_ratio=0.28, enable_range_extreme_touch_entry=False, state=range, middle=156.50325, upper=156.71779778022622, lower=156.2887022197738, upper_3sigma=156.82507167033933, lower_3sigma=156.1814283296607, previous_upper=156.67835264765284, previous_lower=156.29404735234715, normalized_band_width=0.002742, latest_band_width=0.429096, distance_from_middle=0.001462, range_slope=0.000480, trend_slope=0.000121, trend_current_ma=156.5238, latest_high=156.739, latest_low=156.577)",range,156.50325,156.71779778022622,156.2887022197738,0.0027417677297591216,0.0004797367133371403,0.00012053544998695213,156.5238,0.001461630988493791,,,,,,,,,,,,,,,,,,,,,,,,,,,,,,,,,,,,,,3.8999999999987267,14.000000000001478,4,range_failure_exit,1553,1557,0,0,1,4,4
legacy,,2026-02-09 20:10:00,2026-02-09 21:10:00,buy,155.945,155.877,-6.799999999998363,signal_close,T-0054,"range mean-reversion buy confirmed by reentry from outside lower band; previous_close=155.925, latest_close=155.945, previous_lower=155.93317420103386, latest_lower=155.92032839797798; range because abs(range_slope)=0.000267 <= threshold=0.000500 and normalized_band_width=0.001501 <= threshold=0.003000 and distance_from_middle=0.000592 <= threshold=0.002000 (bollinger_period=20, bollinger_sigma=2.0, bollinger_extreme_sigma=3.0, range_ma_period=10, range_slope_lookback=5, range_slope_threshold=0.0005, range_band_width_threshold=0.003, range_middle_distance_threshold=0.002, trend_ma_period=15, trend_slope_lookback=2, trend_slope_threshold=0.0003, trend_price_position_filter_enabled=True, range_require_reentry_confirmation=True, trend_require_break_confirmation=True, exit_on_range_middle_band=True, close_on_opposite_trend_state=True, enable_range_failure_exit=True, range_failure_adverse_move_ratio=0.28, enable_range_extreme_touch_entry=False, state=range, middle=156.0374, upper=156.154471602022, lower=155.92032839797798, upper_3sigma=156.213007403033, lower_3sigma=155.86179259696698, previous_upper=156.15142579896616, previous_lower=155.93317420103386, normalized_band_width=0.001501, latest_band_width=0.234143, distance_from_middle=0.000592, range_slope=-0.000267, trend_slope=-0.000141, trend_current_ma=156.01753333333332, latest_high=155.948, latest_low=155.923)",range,156.0374,156.154471602022,155.92032839797798,0.0015005582254255505,-0.0002672980969913364,-0.000141437094890758,156.01753333333332,0.0005921657243711945,"buy position closed because range recovery failed and adverse move resumed (entry_price=155.945, previous_close=155.893, latest_close=155.877, middle=155.96144999999999, band_width=0.18876217841506104) (bollinger_period=20, bollinger_sigma=2.0, bollinger_extreme_sigma=3.0, range_ma_period=10, range_slope_lookback=5, range_slope_threshold=0.0005, range_band_width_threshold=0.003, range_middle_distance_threshold=0.002, trend_ma_period=15, trend_slope_lookback=2, trend_slope_threshold=0.0003, trend_price_position_filter_enabled=True, range_require_reentry_confirmation=True, trend_require_break_confirmation=True, exit_on_range_middle_band=True, close_on_opposite_trend_state=True, enable_range_failure_exit=True, range_failure_adverse_move_ratio=0.28, enable_range_extreme_touch_entry=False, state=range, middle=155.96144999999999, upper=156.05583108920752, lower=155.86706891079245, upper_3sigma=156.10302163381127, lower_3sigma=155.8198783661887, previous_upper=156.08088271236588, previous_lower=155.8657172876341, normalized_band_width=0.001210, latest_band_width=0.188762, distance_from_middle=0.000541, range_slope=-0.000165, trend_slope=-0.000096, trend_current_ma=155.9434, latest_high=155.898, latest_low=155.862)",range,155.96144999999999,156.05583108920752,155.86706891079245,0.0012103130511742553,-0.00016481099321371225,-9.618874540387589e-05,155.9434,0.0005414799618750371,,,,,,,,,,,,,,,,,,,,,,,,,,,,,,,,,,,,,,8.600000000001273,8.29999999999984,12,range_failure_exit,1676,1688,0,5,0,8,8
legacy,,2026-02-09 23:10:00,2026-02-10 00:00:00,sell,155.919,155.827,9.200000000001296,signal_close,T-0055,"range mean-reversion sell confirmed by reentry from outside upper band; previous_close=155.923, latest_close=155.919, previous_upper=155.9068835648445, latest_upper=155.92820178695447; range because abs(range_slope)=0.000369 <= threshold=0.000500 and normalized_band_width=0.001832 <= threshold=0.003000 and distance_from_middle=0.000857 <= threshold=0.002000 (bollinger_period=20, bollinger_sigma=2.0, bollinger_extreme_sigma=3.0, range_ma_period=10, range_slope_lookback=5, range_slope_threshold=0.0005, range_band_width_threshold=0.003, range_middle_distance_threshold=0.002, trend_ma_period=15, trend_slope_lookback=2, trend_slope_threshold=0.0003, trend_price_position_filter_enabled=True, range_require_reentry_confirmation=True, trend_require_break_confirmation=True, exit_on_range_middle_band=True, close_on_opposite_trend_state=True, enable_range_failure_exit=True, range_failure_adverse_move_ratio=0.28, enable_range_extreme_touch_entry=False, state=range, middle=155.7855, upper=155.92820178695447, lower=155.64279821304555, upper_3sigma=155.99955268043172, lower_3sigma=155.5714473195683, previous_upper=155.9068835648445, previous_lower=155.64891643515548, normalized_band_width=0.001832, latest_band_width=0.285404, distance_from_middle=0.000857, range_slope=0.000369, trend_slope=0.000181, trend_current_ma=155.815, latest_high=155.929, latest_low=155.909)",range,155.7855,155.92820178695447,155.64279821304555,0.0018320291292124276,0.00036897551221825225,0.00018098385906362176,155.815,0.000856947533627956,"sell position closed because range state returned to middle band: latest close 155.827 <= middle 155.85345 (bollinger_period=20, bollinger_sigma=2.0, bollinger_extreme_sigma=3.0, range_ma_period=10, range_slope_lookback=5, range_slope_threshold=0.0005, range_band_width_threshold=0.003, range_middle_distance_threshold=0.002, trend_ma_period=15, trend_slope_lookback=2, trend_slope_threshold=0.0003, trend_price_position_filter_enabled=True, range_require_reentry_confirmation=True, trend_require_break_confirmation=True, exit_on_range_middle_band=True, close_on_opposite_trend_state=True, enable_range_failure_exit=True, range_failure_adverse_move_ratio=0.28, enable_range_extreme_touch_entry=False, state=range, middle=155.85345, upper=155.9531424771485, lower=155.75375752285152, upper_3sigma=156.00298871572275, lower_3sigma=155.70391128427727, previous_upper=155.95480096711344, previous_lower=155.74799903288653, normalized_band_width=0.001279, latest_band_width=0.199385, distance_from_middle=0.000170, range_slope=0.000031, trend_slope=0.000045, trend_current_ma=155.87733333333333, latest_high=155.828, latest_low=155.818)",range,155.85345,155.9531424771485,155.75375752285152,0.0012793104951926847,3.079224599918153e-05,4.490710644270497e-05,155.87733333333333,0.00016971071221080563,,,,,,,,,,,,,,,,,,,,,,,,,,,,,,,,,,,,,,10.099999999999909,0.7999999999981355,9,middle_touch_exit,1712,1721,0,2,0,3,5
legacy,,2026-02-10 00:35:00,2026-02-10 00:45:00,buy,155.881,155.899,1.8000000000000682,signal_close,T-0056,"range mean-reversion buy confirmed by reentry from outside lower band; previous_close=155.8, latest_close=155.881, previous_lower=155.81419903537727, latest_lower=155.82007151754257; range because abs(range_slope)=0.000075 <= threshold=0.000500 and normalized_band_width=0.000754 <= threshold=0.003000 and distance_from_middle=0.000014 <= threshold=0.002000 (bollinger_period=20, bollinger_sigma=2.0, bollinger_extreme_sigma=3.0, range_ma_period=10, range_slope_lookback=5, range_slope_threshold=0.0005, range_band_width_threshold=0.003, range_middle_distance_threshold=0.002, trend_ma_period=15, trend_slope_lookback=2, trend_slope_threshold=0.0003, trend_price_position_filter_enabled=True, range_require_reentry_confirmation=True, trend_require_break_confirmation=True, exit_on_range_middle_band=True, close_on_opposite_trend_state=True, enable_range_failure_exit=True, range_failure_adverse_move_ratio=0.28, enable_range_extreme_touch_entry=False, state=range, middle=155.87885, upper=155.93762848245743, lower=155.82007151754257, upper_3sigma=155.96701772368615, lower_3sigma=155.79068227631385, previous_upper=155.93860096462276, previous_lower=155.81419903537727, normalized_band_width=0.000754, latest_band_width=0.117557, distance_from_middle=0.000014, range_slope=-0.000075, trend_slope=-0.000044, trend_current_ma=155.8742, latest_high=155.909, latest_low=155.801)",range,155.87885,155.93762848245743,155.82007151754257,0.000754155967373728,-7.506443030261548e-05,-4.405261850047822e-05,155.8742,1.3792762776991993e-05,"buy position closed because range state returned to middle band: latest close 155.899 >= middle 155.87975 (bollinger_period=20, bollinger_sigma=2.0, bollinger_extreme_sigma=3.0, range_ma_period=10, range_slope_lookback=5, range_slope_threshold=0.0005, range_band_width_threshold=0.003, range_middle_distance_threshold=0.002, trend_ma_period=15, trend_slope_lookback=2, trend_slope_threshold=0.0003, trend_price_position_filter_enabled=True, range_require_reentry_confirmation=True, trend_require_break_confirmation=True, exit_on_range_middle_band=True, close_on_opposite_trend_state=True, enable_range_failure_exit=True, range_failure_adverse_move_ratio=0.28, enable_range_extreme_touch_entry=False, state=range, middle=155.87975, upper=155.93918021117244, lower=155.82031978882756, upper_3sigma=155.96889531675865, lower_3sigma=155.79060468324136, previous_upper=155.93762848245743, previous_lower=155.82007151754257, normalized_band_width=0.000763, latest_band_width=0.118860, distance_from_middle=0.000123, range_slope=-0.000076, trend_slope=0.000000, trend_current_ma=155.87426666666667, latest_high=155.953, latest_low=155.876)",range,155.87975,155.93918021117244,155.82031978882756,0.0007625135551274658,-7.57058123457819e-05,4.276951423383105e-07,155.87426666666667,0.00012349262813161777,,,,,,,,,,,,,,,,,,,,,,,,,,,,,,,,,,,,,,7.200000000000273,8.400000000000318,2,middle_touch_exit,1728,1730,0,0,0,0,0
legacy,,2026-02-10 04:45:00,2026-02-10 05:30:00,sell,155.422,155.222,19.999999999998863,tp_hit,T-0057,"trend-follow sell confirmed by lower band breakout; previous_close=155.588, latest_close=155.422, previous_lower=155.5668626650689, latest_lower=155.4956608948929; trend_down because trend_slope=-0.000402 < -threshold=0.000300 and latest_close=155.422 <= trend_ma=155.72166666666666 (bollinger_period=20, bollinger_sigma=2.0, bollinger_extreme_sigma=3.0, range_ma_period=10, range_slope_lookback=5, range_slope_threshold=0.0005, range_band_width_threshold=0.003, range_middle_distance_threshold=0.002, trend_ma_period=15, trend_slope_lookback=2, trend_slope_threshold=0.0003, trend_price_position_filter_enabled=True, range_require_reentry_confirmation=True, trend_require_break_confirmation=True, exit_on_range_middle_band=True, close_on_opposite_trend_state=True, enable_range_failure_exit=True, range_failure_adverse_move_ratio=0.28, enable_range_extreme_touch_entry=False, state=trend_down, middle=155.7748, upper=156.0539391051071, lower=155.4956608948929, upper_3sigma=156.19350865766066, lower_3sigma=155.35609134233934, previous_upper=156.02973733493107, previous_lower=155.5668626650689, normalized_band_width=0.003584, latest_band_width=0.558278, distance_from_middle=0.002265, range_slope=-0.000622, trend_slope=-0.000402, trend_current_ma=155.72166666666666, latest_high=155.592, latest_low=155.394)",trend_down,155.7748,156.0539391051071,155.4956608948929,0.003583880128327636,-0.0006217567325399198,-0.00040199929361148625,155.72166666666666,0.002264807915015792,,,,,,,,,,,,,,,,,,,,,,,,,,,,,,,,,,,,,,,,,,,,,,,,21.699999999998454,5.000000000001137,9,,1778,1787,7,8,4,7,8
legacy,,2026-02-10 11:15:00,2026-02-10 12:00:00,buy,155.413,155.21300000000002,-19.999999999998863,sl_hit,T-0058,"range mean-reversion buy confirmed by reentry from outside lower band; previous_close=155.361, latest_close=155.413, previous_lower=155.40734957155175, latest_lower=155.39331679985037; range because abs(range_slope)=0.000385 <= threshold=0.000500 and normalized_band_width=0.001623 <= threshold=0.003000 and distance_from_middle=0.000685 <= threshold=0.002000 (bollinger_period=20, bollinger_sigma=2.0, bollinger_extreme_sigma=3.0, range_ma_period=10, range_slope_lookback=5, range_slope_threshold=0.0005, range_band_width_threshold=0.003, range_middle_distance_threshold=0.002, trend_ma_period=15, trend_slope_lookback=2, trend_slope_threshold=0.0003, trend_price_position_filter_enabled=True, range_require_reentry_confirmation=True, trend_require_break_confirmation=True, exit_on_range_middle_band=True, close_on_opposite_trend_state=True, enable_range_failure_exit=True, range_failure_adverse_move_ratio=0.28, enable_range_extreme_touch_entry=False, state=range, middle=155.5195, upper=155.64568320014962, lower=155.39331679985037, upper_3sigma=155.70877480022443, lower_3sigma=155.33022519977555, previous_upper=155.64075042844823, previous_lower=155.40734957155175, normalized_band_width=0.001623, latest_band_width=0.252366, distance_from_middle=0.000685, range_slope=-0.000385, trend_slope=-0.000143, trend_current_ma=155.50806666666668, latest_high=155.462, latest_low=155.364)",range,155.5195,155.64568320014962,155.39331679985037,0.001622731556488105,-0.00038460004810713516,-0.00014275786765186884,155.50806666666668,0.0006848015843671226,,,,,,,,,,,,,,,,,,,,,,,,,,,,,,,,,,,,,,,,,,,,,,,,1.2000000000000455,21.30000000000223,9,,1856,1865,7,0,5,8,8
legacy,,2026-02-10 14:40:00,2026-02-10 14:45:00,buy,155.158,155.262,10.400000000001342,signal_close,T-0059,"range mean-reversion buy confirmed by reentry from outside lower band; previous_close=155.128, latest_close=155.158, previous_lower=155.13538097846137, latest_lower=155.13175381687336; range because abs(range_slope)=0.000372 <= threshold=0.000500 and normalized_band_width=0.001181 <= threshold=0.003000 and distance_from_middle=0.000422 <= threshold=0.002000 (bollinger_period=20, bollinger_sigma=2.0, bollinger_extreme_sigma=3.0, range_ma_period=10, range_slope_lookback=5, range_slope_threshold=0.0005, range_band_width_threshold=0.003, range_middle_distance_threshold=0.002, trend_ma_period=15, trend_slope_lookback=2, trend_slope_threshold=0.0003, trend_price_position_filter_enabled=True, range_require_reentry_confirmation=True, trend_require_break_confirmation=True, exit_on_range_middle_band=True, close_on_opposite_trend_state=True, enable_range_failure_exit=True, range_failure_adverse_move_ratio=0.28, enable_range_extreme_touch_entry=False, state=range, middle=155.22345, upper=155.31514618312667, lower=155.13175381687336, upper_3sigma=155.36099427469003, lower_3sigma=155.08590572531, previous_upper=155.31361902153859, previous_lower=155.13538097846137, normalized_band_width=0.001181, latest_band_width=0.183392, distance_from_middle=0.000422, range_slope=-0.000372, trend_slope=-0.000075, trend_current_ma=155.2226, latest_high=155.159, latest_low=155.068)",range,155.22345,155.31514618312667,155.13175381687336,0.001181473329276699,-0.00037243059936188124,-7.473138576461917e-05,155.2226,0.0004216502081356063,"buy position closed because range state returned to middle band: latest close 155.262 >= middle 155.225 (bollinger_period=20, bollinger_sigma=2.0, bollinger_extreme_sigma=3.0, range_ma_period=10, range_slope_lookback=5, range_slope_threshold=0.0005, range_band_width_threshold=0.003, range_middle_distance_threshold=0.002, trend_ma_period=15, trend_slope_lookback=2, trend_slope_threshold=0.0003, trend_price_position_filter_enabled=True, range_require_reentry_confirmation=True, trend_require_break_confirmation=True, exit_on_range_middle_band=True, close_on_opposite_trend_state=True, enable_range_failure_exit=True, range_failure_adverse_move_ratio=0.28, enable_range_extreme_touch_entry=False, state=range, middle=155.225, upper=155.31819012823254, lower=155.13180987176744, upper_3sigma=155.36478519234882, lower_3sigma=155.08521480765117, previous_upper=155.31514618312667, previous_lower=155.13175381687336, normalized_band_width=0.001201, latest_band_width=0.186380, distance_from_middle=0.000238, range_slope=-0.000336, trend_slope=-0.000028, trend_current_ma=155.22393333333332, latest_high=155.286, latest_low=155.159)",range,155.225,155.31819012823254,155.13180987176744,0.0012007103009508751,-0.0003363497418743029,-2.7916657182172574e-05,155.22393333333332,0.00023836366564668153,,,,,,,,,,,,,,,,,,,,,,,,,,,,,,,,,,,,,,12.800000000001432,-0.10000000000047748,1,middle_touch_exit,1897,1898,0,0,0,0,0
legacy,,2026-02-10 16:05:00,2026-02-10 16:20:00,sell,154.627,154.42700000000002,19.999999999998863,tp_hit,T-0060,"trend-follow sell confirmed by lower band breakout; previous_close=154.786, latest_close=154.627, previous_lower=154.7189695023569, latest_lower=154.65066934387713; trend_down because trend_slope=-0.000489 < -threshold=0.000300 and latest_close=154.627 <= trend_ma=154.9554 (bollinger_period=20, bollinger_sigma=2.0, bollinger_extreme_sigma=3.0, range_ma_period=10, range_slope_lookback=5, range_slope_threshold=0.0005, range_band_width_threshold=0.003, range_middle_distance_threshold=0.002, trend_ma_period=15, trend_slope_lookback=2, trend_slope_threshold=0.0003, trend_price_position_filter_enabled=True, range_require_reentry_confirmation=True, trend_require_break_confirmation=True, exit_on_range_middle_band=True, close_on_opposite_trend_state=True, enable_range_failure_exit=True, range_failure_adverse_move_ratio=0.28, enable_range_extreme_touch_entry=False, state=trend_down, middle=155.01614999999998, upper=155.38163065612284, lower=154.65066934387713, upper_3sigma=155.56437098418428, lower_3sigma=154.46792901581568, previous_upper=155.36823049764308, previous_lower=154.7189695023569, normalized_band_width=0.004715, latest_band_width=0.730961, distance_from_middle=0.002510, range_slope=-0.001151, trend_slope=-0.000489, trend_current_ma=154.9554, latest_high=154.79, latest_low=154.624)",trend_down,155.01614999999998,155.38163065612284,154.65066934387713,0.004715388120822965,-0.0011512681059991773,-0.0004887427823318601,154.9554,0.002510383595515515,,,,,,,,,,,,,,,,,,,,,,,,,,,,,,,,,,,,,,,,,,,,,,,,22.500000000002274,7.699999999999818,3,,1914,1917,2,2,2,2,2
legacy,,2026-02-10 19:50:00,2026-02-10 20:45:00,sell,154.38,154.521,-14.099999999999113,signal_close,T-0061,"range mean-reversion sell confirmed by reentry from outside upper band; previous_close=154.383, latest_close=154.38, previous_upper=154.36969259380334, latest_upper=154.388745433921; range because abs(range_slope)=0.000318 <= threshold=0.000500 and normalized_band_width=0.001792 <= threshold=0.003000 and distance_from_middle=0.000840 <= threshold=0.002000 (bollinger_period=20, bollinger_sigma=2.0, bollinger_extreme_sigma=3.0, range_ma_period=10, range_slope_lookback=5, range_slope_threshold=0.0005, range_band_width_threshold=0.003, range_middle_distance_threshold=0.002, trend_ma_period=15, trend_slope_lookback=2, trend_slope_threshold=0.0003, trend_price_position_filter_enabled=True, range_require_reentry_confirmation=True, trend_require_break_confirmation=True, exit_on_range_middle_band=True, close_on_opposite_trend_state=True, enable_range_failure_exit=True, range_failure_adverse_move_ratio=0.28, enable_range_extreme_touch_entry=False, state=range, middle=154.25050000000002, upper=154.388745433921, lower=154.11225456607903, upper_3sigma=154.4578681508815, lower_3sigma=154.04313184911854, previous_upper=154.36969259380334, previous_lower=154.10910740619664, normalized_band_width=0.001792, latest_band_width=0.276491, distance_from_middle=0.000840, range_slope=0.000318, trend_slope=0.000159, trend_current_ma=154.26546666666667, latest_high=154.421, latest_low=154.379)",range,154.25050000000002,154.388745433921,154.11225456607903,0.001792479556578238,0.0003176111493181186,0.00015946537181374463,154.26546666666667,0.0008395434698751631,"sell position closed because range recovery failed and adverse move resumed (entry_price=154.38, previous_close=154.475, latest_close=154.521, middle=154.37415000000001, band_width=0.4390977567694563) (bollinger_period=20, bollinger_sigma=2.0, bollinger_extreme_sigma=3.0, range_ma_period=10, range_slope_lookback=5, range_slope_threshold=0.0005, range_band_width_threshold=0.003, range_middle_distance_threshold=0.002, trend_ma_period=15, trend_slope_lookback=2, trend_slope_threshold=0.0003, trend_price_position_filter_enabled=True, range_require_reentry_confirmation=True, trend_require_break_confirmation=True, exit_on_range_middle_band=True, close_on_opposite_trend_state=True, enable_range_failure_exit=True, range_failure_adverse_move_ratio=0.28, enable_range_extreme_touch_entry=False, state=range, middle=154.37415000000001, upper=154.59369887838474, lower=154.1546011216153, upper_3sigma=154.70347331757714, lower_3sigma=154.0448266824229, previous_upper=154.57425224266993, previous_lower=154.15064775733012, normalized_band_width=0.002844, latest_band_width=0.439098, distance_from_middle=0.000951, range_slope=0.000426, trend_slope=0.000239, trend_current_ma=154.43019999999999, latest_high=154.53, latest_low=154.473)",range,154.37415000000001,154.59369887838474,154.1546011216153,0.002844373599915894,0.00042599391566742085,0.00023915874831048113,154.43019999999999,0.0009512602984370904,,,,,,,,,,,,,,,,,,,,,,,,,,,,,,,,,,,,,,2.0999999999986585,16.499999999999204,11,range_failure_exit,1959,1970,10,2,10,9,11
legacy,,2026-02-10 22:00:00,2026-02-10 23:05:00,buy,154.342,154.348,0.6000000000000227,signal_close,T-0062,"range mean-reversion buy confirmed by reentry from outside lower band; previous_close=154.315, latest_close=154.342, previous_lower=154.34686726061548, latest_lower=154.33019731440447; range because abs(range_slope)=0.000485 <= threshold=0.000500 and normalized_band_width=0.001639 <= threshold=0.003000 and distance_from_middle=0.000743 <= threshold=0.002000 (bollinger_period=20, bollinger_sigma=2.0, bollinger_extreme_sigma=3.0, range_ma_period=10, range_slope_lookback=5, range_slope_threshold=0.0005, range_band_width_threshold=0.003, range_middle_distance_threshold=0.002, trend_ma_period=15, trend_slope_lookback=2, trend_slope_threshold=0.0003, trend_price_position_filter_enabled=True, range_require_reentry_confirmation=True, trend_require_break_confirmation=True, exit_on_range_middle_band=True, close_on_opposite_trend_state=True, enable_range_failure_exit=True, range_failure_adverse_move_ratio=0.28, enable_range_extreme_touch_entry=False, state=range, middle=154.4568, upper=154.5834026855955, lower=154.33019731440447, upper_3sigma=154.64670402839326, lower_3sigma=154.26689597160671, previous_upper=154.57743273938453, previous_lower=154.34686726061548, normalized_band_width=0.001639, latest_band_width=0.253205, distance_from_middle=0.000743, range_slope=-0.000485, trend_slope=-0.000146, trend_current_ma=154.44320000000002, latest_high=154.342, latest_low=154.315)",range,154.4568,154.5834026855955,154.33019731440447,0.001639328091680194,-0.0004850879181372709,-0.00014633211433059438,154.44320000000002,0.0007432498925264155,"buy position closed because range state returned to middle band: latest close 154.348 >= middle 154.3404 (bollinger_period=20, bollinger_sigma=2.0, bollinger_extreme_sigma=3.0, range_ma_period=10, range_slope_lookback=5, range_slope_threshold=0.0005, range_band_width_threshold=0.003, range_middle_distance_threshold=0.002, trend_ma_period=15, trend_slope_lookback=2, trend_slope_threshold=0.0003, trend_price_position_filter_enabled=True, range_require_reentry_confirmation=True, trend_require_break_confirmation=True, exit_on_range_middle_band=True, close_on_opposite_trend_state=True, enable_range_failure_exit=True, range_failure_adverse_move_ratio=0.28, enable_range_extreme_touch_entry=False, state=range, middle=154.3404, upper=154.4388914209462, lower=154.24190857905378, upper_3sigma=154.48813713141928, lower_3sigma=154.1926628685807, previous_upper=154.4519766073392, previous_lower=154.23772339266083, normalized_band_width=0.001276, latest_band_width=0.196983, distance_from_middle=0.000049, range_slope=0.000026, trend_slope=-0.000034, trend_current_ma=154.316, latest_high=154.355, latest_low=154.32)",range,154.3404,154.4388914209462,154.24190857905378,0.0012762882686089105,2.5921408880355055e-05,-3.412910305263856e-05,154.316,4.9241805774929444e-05,,,,,,,,,,,,,,,,,,,,,,,,,,,,,,,,,,,,,,2.400000000000091,9.800000000001319,13,middle_touch_exit,1985,1998,7,7,7,8,12
legacy,,2026-02-10 23:50:00,2026-02-11 00:00:00,sell,154.405,154.321,8.400000000000318,signal_close,T-0063,"range mean-reversion sell confirmed by reentry from outside upper band; previous_close=154.403, latest_close=154.405, previous_upper=154.39862300952444, latest_upper=154.40977788586653; range because abs(range_slope)=0.000220 <= threshold=0.000500 and normalized_band_width=0.000953 <= threshold=0.003000 and distance_from_middle=0.000445 <= threshold=0.002000 (bollinger_period=20, bollinger_sigma=2.0, bollinger_extreme_sigma=3.0, range_ma_period=10, range_slope_lookback=5, range_slope_threshold=0.0005, range_band_width_threshold=0.003, range_middle_distance_threshold=0.002, trend_ma_period=15, trend_slope_lookback=2, trend_slope_threshold=0.0003, trend_price_position_filter_enabled=True, range_require_reentry_confirmation=True, trend_require_break_confirmation=True, exit_on_range_middle_band=True, close_on_opposite_trend_state=True, enable_range_failure_exit=True, range_failure_adverse_move_ratio=0.28, enable_range_extreme_touch_entry=False, state=range, middle=154.33625, upper=154.40977788586653, lower=154.26272211413348, upper_3sigma=154.44654182879978, lower_3sigma=154.22595817120023, previous_upper=154.39862300952444, previous_lower=154.26517699047554, normalized_band_width=0.000953, latest_band_width=0.147056, distance_from_middle=0.000445, range_slope=0.000220, trend_slope=0.000089, trend_current_ma=154.34726666666666, latest_high=154.419, latest_low=154.391)",range,154.33625,154.40977788586653,154.26272211413348,0.0009528271662234292,0.00022025718265163887,8.940877475858572e-05,154.34726666666666,0.00044545594440706127,"sell position closed because range state returned to middle band: latest close 154.321 <= middle 154.33745 (bollinger_period=20, bollinger_sigma=2.0, bollinger_extreme_sigma=3.0, range_ma_period=10, range_slope_lookback=5, range_slope_threshold=0.0005, range_band_width_threshold=0.003, range_middle_distance_threshold=0.002, trend_ma_period=15, trend_slope_lookback=2, trend_slope_threshold=0.0003, trend_price_position_filter_enabled=True, range_require_reentry_confirmation=True, trend_require_break_confirmation=True, exit_on_range_middle_band=True, close_on_opposite_trend_state=True, enable_range_failure_exit=True, range_failure_adverse_move_ratio=0.28, enable_range_extreme_touch_entry=False, state=range, middle=154.33745, upper=154.40913674912423, lower=154.26576325087575, upper_3sigma=154.44498012368632, lower_3sigma=154.22991987631366, previous_upper=154.40977788586653, previous_lower=154.26272211413348, normalized_band_width=0.000929, latest_band_width=0.143373, distance_from_middle=0.000107, range_slope=0.000137, trend_slope=0.000080, trend_current_ma=154.3518, latest_high=154.375, latest_low=154.265)",range,154.33745,154.40913674912423,154.26576325087575,0.0009289611707882911,0.0001366914071634713,8.033595980101129e-05,154.3518,0.00010658462997795973,,,,,,,,,,,,,,,,,,,,,,,,,,,,,,,,,,,,,,14.000000000001478,-3.0000000000001137,1,middle_touch_exit,2007,2008,0,0,0,1,1
legacy,,2026-02-11 01:20:00,2026-02-11 02:00:00,sell,154.481,154.432,4.900000000000659,signal_close,T-0064,"range mean-reversion sell confirmed by reentry from outside upper band; previous_close=154.487, latest_close=154.481, previous_upper=154.4855891518005, latest_upper=154.4985643740067; range because abs(range_slope)=0.000376 <= threshold=0.000500 and normalized_band_width=0.001347 <= threshold=0.003000 and distance_from_middle=0.000560 <= threshold=0.002000 (bollinger_period=20, bollinger_sigma=2.0, bollinger_extreme_sigma=3.0, range_ma_period=10, range_slope_lookback=5, range_slope_threshold=0.0005, range_band_width_threshold=0.003, range_middle_distance_threshold=0.002, trend_ma_period=15, trend_slope_lookback=2, trend_slope_threshold=0.0003, trend_price_position_filter_enabled=True, range_require_reentry_confirmation=True, trend_require_break_confirmation=True, exit_on_range_middle_band=True, close_on_opposite_trend_state=True, enable_range_failure_exit=True, range_failure_adverse_move_ratio=0.28, enable_range_extreme_touch_entry=False, state=range, middle=154.39455, upper=154.4985643740067, lower=154.29053562599333, upper_3sigma=154.55057156101, lower_3sigma=154.23852843899002, previous_upper=154.4855891518005, previous_lower=154.2927108481995, normalized_band_width=0.001347, latest_band_width=0.208029, distance_from_middle=0.000560, range_slope=0.000376, trend_slope=0.000139, trend_current_ma=154.40493333333333, latest_high=154.487, latest_low=154.453)",range,154.39455,154.4985643740067,154.29053562599333,0.0013473840107268164,0.00037622442920405574,0.00013902837301400176,154.40493333333333,0.0005599290907612026,"sell position closed because range state returned to middle band: latest close 154.432 <= middle 154.44435000000001 (bollinger_period=20, bollinger_sigma=2.0, bollinger_extreme_sigma=3.0, range_ma_period=10, range_slope_lookback=5, range_slope_threshold=0.0005, range_band_width_threshold=0.003, range_middle_distance_threshold=0.002, trend_ma_period=15, trend_slope_lookback=2, trend_slope_threshold=0.0003, trend_price_position_filter_enabled=True, range_require_reentry_confirmation=True, trend_require_break_confirmation=True, exit_on_range_middle_band=True, close_on_opposite_trend_state=True, enable_range_failure_exit=True, range_failure_adverse_move_ratio=0.28, enable_range_extreme_touch_entry=False, state=range, middle=154.44435000000001, upper=154.54726409038614, lower=154.3414359096139, upper_3sigma=154.59872113557918, lower_3sigma=154.28997886442085, previous_upper=154.55059803675056, previous_lower=154.33030196324944, normalized_band_width=0.001333, latest_band_width=0.205828, distance_from_middle=0.000080, range_slope=0.000146, trend_slope=0.000070, trend_current_ma=154.46646666666666, latest_high=154.519, latest_low=154.395)",range,154.44435000000001,154.54726409038614,154.3414359096139,0.0013327012660045105,0.0001456469995745783,7.034968107437996e-05,154.46646666666666,7.996407767604502e-05,,,,,,,,,,,,,,,,,,,,,,,,,,,,,,,,,,,,,,8.599999999998431,3.8000000000010914,8,middle_touch_exit,2024,2032,5,7,7,5,7
legacy,,2026-02-11 07:25:00,2026-02-11 08:00:00,sell,153.122,152.92200000000003,19.999999999998863,tp_hit,T-0065,"trend-follow sell confirmed by lower band breakout; previous_close=153.21, latest_close=153.122, previous_lower=153.16875141674367, latest_lower=153.13120900180246; trend_down because trend_slope=-0.000311 < -threshold=0.000300 and latest_close=153.122 <= trend_ma=153.31813333333332 (bollinger_period=20, bollinger_sigma=2.0, bollinger_extreme_sigma=3.0, range_ma_period=10, range_slope_lookback=5, range_slope_threshold=0.0005, range_band_width_threshold=0.003, range_middle_distance_threshold=0.002, trend_ma_period=15, trend_slope_lookback=2, trend_slope_threshold=0.0003, trend_price_position_filter_enabled=True, range_require_reentry_confirmation=True, trend_require_break_confirmation=True, exit_on_range_middle_band=True, close_on_opposite_trend_state=True, enable_range_failure_exit=True, range_failure_adverse_move_ratio=0.28, enable_range_extreme_touch_entry=False, state=trend_down, middle=153.37560000000002, upper=153.61999099819758, lower=153.13120900180246, upper_3sigma=153.74218649729636, lower_3sigma=153.00901350270368, previous_upper=153.6275485832563, previous_lower=153.16875141674367, normalized_band_width=0.003187, latest_band_width=0.488782, distance_from_middle=0.001653, range_slope=-0.000517, trend_slope=-0.000311, trend_current_ma=153.31813333333332, latest_high=153.221, latest_low=153.122)",trend_down,153.37560000000002,153.61999099819758,153.13120900180246,0.003186830215465294,-0.0005173393491700668,-0.0003109003849078464,153.31813333333332,0.0016534572643888976,,,,,,,,,,,,,,,,,,,,,,,,,,,,,,,,,,,,,,,,,,,,,,,,24.40000000000282,4.79999999999734,7,,2097,2104,6,6,0,4,6
legacy,,2026-02-11 11:15:00,2026-02-11 11:40:00,sell,153.344,153.144,19.999999999998863,tp_hit,T-0066,"range mean-reversion sell confirmed by reentry from outside upper band; previous_close=153.35, latest_close=153.344, previous_upper=153.3399839684847, latest_upper=153.35603350483308; range because abs(range_slope)=0.000177 <= threshold=0.000500 and normalized_band_width=0.001861 <= threshold=0.003000 and distance_from_middle=0.000852 <= threshold=0.002000 (bollinger_period=20, bollinger_sigma=2.0, bollinger_extreme_sigma=3.0, range_ma_period=10, range_slope_lookback=5, range_slope_threshold=0.0005, range_band_width_threshold=0.003, range_middle_distance_threshold=0.002, trend_ma_period=15, trend_slope_lookback=2, trend_slope_threshold=0.0003, trend_price_position_filter_enabled=True, range_require_reentry_confirmation=True, trend_require_break_confirmation=True, exit_on_range_middle_band=True, close_on_opposite_trend_state=True, enable_range_failure_exit=True, range_failure_adverse_move_ratio=0.28, enable_range_extreme_touch_entry=False, state=range, middle=153.2135, upper=153.35603350483308, lower=153.07096649516694, upper_3sigma=153.4273002572496, lower_3sigma=152.9996997427504, previous_upper=153.3399839684847, previous_lower=153.07801603151532, normalized_band_width=0.001861, latest_band_width=0.285067, distance_from_middle=0.000852, range_slope=0.000177, trend_slope=0.000224, trend_current_ma=153.22306666666665, latest_high=153.367, latest_low=153.33)",range,153.2135,153.35603350483308,153.07096649516694,0.0018605867607367238,0.00017685716336766146,0.00022407418204204978,153.22306666666665,0.0008517526197102972,,,,,,,,,,,,,,,,,,,,,,,,,,,,,,,,,,,,,,,,,,,,,,,,20.09999999999934,6.30000000000166,5,,2143,2148,0,0,4,4,4
legacy,,2026-02-11 13:05:00,2026-02-11 14:05:00,sell,153.369,153.569,-19.999999999998863,sl_hit,T-0067,"range mean-reversion sell confirmed by reentry from outside upper band; previous_close=153.392, latest_close=153.369, previous_upper=153.35648529318215, latest_upper=153.36971512647767; range because abs(range_slope)=0.000285 <= threshold=0.000500 and normalized_band_width=0.001639 <= threshold=0.003000 and distance_from_middle=0.000815 <= threshold=0.002000 (bollinger_period=20, bollinger_sigma=2.0, bollinger_extreme_sigma=3.0, range_ma_period=10, range_slope_lookback=5, range_slope_threshold=0.0005, range_band_width_threshold=0.003, range_middle_distance_threshold=0.002, trend_ma_period=15, trend_slope_lookback=2, trend_slope_threshold=0.0003, trend_price_position_filter_enabled=True, range_require_reentry_confirmation=True, trend_require_break_confirmation=True, exit_on_range_middle_band=True, close_on_opposite_trend_state=True, enable_range_failure_exit=True, range_failure_adverse_move_ratio=0.28, enable_range_extreme_touch_entry=False, state=range, middle=153.2441, upper=153.36971512647767, lower=153.11848487352233, upper_3sigma=153.4325226897165, lower_3sigma=153.0556773102835, previous_upper=153.35648529318215, previous_lower=153.12531470681787, normalized_band_width=0.001639, latest_band_width=0.251230, distance_from_middle=0.000815, range_slope=0.000285, trend_slope=0.000204, trend_current_ma=153.26286666666667, latest_high=153.391, latest_low=153.341)",range,153.2441,153.36971512647767,153.11848487352233,0.0016394122380916332,0.00028509879292937224,0.00020400679790660105,153.26286666666667,0.0008150395349641303,,,,,,,,,,,,,,,,,,,,,,,,,,,,,,,,,,,,,,,,,,,,,,,,3.3999999999991815,23.500000000001364,12,,2165,2177,7,5,5,9,10
legacy,,2026-02-11 15:30:00,2026-02-11 15:35:00,buy,154.462,154.262,-19.999999999998863,sl_hit,T-0068,"trend-follow buy confirmed by upper band breakout; previous_close=153.508, latest_close=154.462, previous_upper=153.6669449656284, latest_upper=154.01794448865573; trend_up because trend_slope=0.000369 > threshold=0.000300 and latest_close=154.462 >= trend_ma=153.65386666666666 (bollinger_period=20, bollinger_sigma=2.0, bollinger_extreme_sigma=3.0, range_ma_period=10, range_slope_lookback=5, range_slope_threshold=0.0005, range_band_width_threshold=0.003, range_middle_distance_threshold=0.002, trend_ma_period=15, trend_slope_lookback=2, trend_slope_threshold=0.0003, trend_price_position_filter_enabled=True, range_require_reentry_confirmation=True, trend_require_break_confirmation=True, exit_on_range_middle_band=True, close_on_opposite_trend_state=True, enable_range_failure_exit=True, range_failure_adverse_move_ratio=0.28, enable_range_extreme_touch_entry=False, state=trend_up, middle=153.62875, upper=154.01794448865573, lower=153.23955551134426, upper_3sigma=154.2125417329836, lower_3sigma=153.0449582670164, previous_upper=153.6669449656284, previous_lower=153.49165503437163, normalized_band_width=0.005067, latest_band_width=0.778389, distance_from_middle=0.005424, range_slope=0.000499, trend_slope=0.000369, trend_current_ma=153.65386666666666, latest_high=154.652, latest_low=153.498)",trend_up,153.62875,154.01794448865573,153.23955551134426,0.005066688216310197,0.0004991003829470336,0.00036922815262707903,153.65386666666666,0.005423789492526578,,,,,,,,,,,,,,,,,,,,,,,,,,,,,,,,,,,,,,,,,,,,,,,,3.6000000000001364,145.79999999999984,1,,2194,2195,0,0,0,0,0
legacy,,2026-02-11 18:50:00,2026-02-11 19:15:00,sell,153.02,152.82000000000002,19.999999999998863,tp_hit,T-0069,"trend-follow sell confirmed by lower band breakout; previous_close=153.228, latest_close=153.02, previous_lower=153.15842064965767, latest_lower=153.09043235814337; trend_down because trend_slope=-0.000314 < -threshold=0.000300 and latest_close=153.02 <= trend_ma=153.39293333333336 (bollinger_period=20, bollinger_sigma=2.0, bollinger_extreme_sigma=3.0, range_ma_period=10, range_slope_lookback=5, range_slope_threshold=0.0005, range_band_width_threshold=0.003, range_middle_distance_threshold=0.002, trend_ma_period=15, trend_slope_lookback=2, trend_slope_threshold=0.0003, trend_price_position_filter_enabled=True, range_require_reentry_confirmation=True, trend_require_break_confirmation=True, exit_on_range_middle_band=True, close_on_opposite_trend_state=True, enable_range_failure_exit=True, range_failure_adverse_move_ratio=0.28, enable_range_extreme_touch_entry=False, state=trend_down, middle=153.40305, upper=153.71566764185664, lower=153.09043235814337, upper_3sigma=153.87197646278494, lower_3sigma=152.93412353721507, previous_upper=153.68007935034234, previous_lower=153.15842064965767, normalized_band_width=0.004076, latest_band_width=0.625235, distance_from_middle=0.002497, range_slope=-0.001300, trend_slope=-0.000314, trend_current_ma=153.39293333333336, latest_high=153.238, latest_low=153.015)",trend_down,153.40305,153.71566764185664,153.09043235814337,0.004075768270013316,-0.0013000609913209273,-0.00031422568792812723,153.39293333333336,0.0024970168454929494,,,,,,,,,,,,,,,,,,,,,,,,,,,,,,,,,,,,,,,,,,,,,,,,27.40000000000009,6.60000000000025,5,,2234,2239,4,0,3,4,4
legacy,,2026-02-11 20:50:00,2026-02-11 21:00:00,buy,152.602,152.802,19.999999999998863,tp_hit,T-0070,"range mean-reversion buy confirmed by reentry from outside lower band; previous_close=152.608, latest_close=152.602, previous_lower=152.62651603779915, latest_lower=152.59636193189507; range because abs(range_slope)=0.000476 <= threshold=0.000500 and normalized_band_width=0.002446 <= threshold=0.003000 and distance_from_middle=0.001186 <= threshold=0.002000 (bollinger_period=20, bollinger_sigma=2.0, bollinger_extreme_sigma=3.0, range_ma_period=10, range_slope_lookback=5, range_slope_threshold=0.0005, range_band_width_threshold=0.003, range_middle_distance_threshold=0.002, trend_ma_period=15, trend_slope_lookback=2, trend_slope_threshold=0.0003, trend_price_position_filter_enabled=True, range_require_reentry_confirmation=True, trend_require_break_confirmation=True, exit_on_range_middle_band=True, close_on_opposite_trend_state=True, enable_range_failure_exit=True, range_failure_adverse_move_ratio=0.28, enable_range_extreme_touch_entry=False, state=range, middle=152.78325, upper=152.97013806810494, lower=152.59636193189507, upper_3sigma=153.06358210215743, lower_3sigma=152.5029178978426, previous_upper=152.96398396220087, previous_lower=152.62651603779915, normalized_band_width=0.002446, latest_band_width=0.373776, distance_from_middle=0.001186, range_slope=-0.000476, trend_slope=-0.000090, trend_current_ma=152.7896, latest_high=152.663, latest_low=152.602)",range,152.78325,152.97013806810494,152.59636193189507,0.00244644708245092,-0.0004758554106461851,-8.988395370715339e-05,152.7896,0.0011863211444972251,,,,,,,,,,,,,,,,,,,,,,,,,,,,,,,,,,,,,,,,,,,,,,,,22.20000000000084,3.700000000000614,2,,2258,2260,0,0,0,1,1
legacy,,2026-02-11 22:00:00,2026-02-11 22:55:00,buy,153.029,153.22899999999998,19.999999999998863,tp_hit,T-0071,"trend-follow buy confirmed by upper band breakout; previous_close=152.945, latest_close=153.029, previous_upper=152.97217654364272, latest_upper=153.00520826957217; trend_up because trend_slope=0.000306 > threshold=0.000300 and latest_close=153.029 >= trend_ma=152.82066666666665 (bollinger_period=20, bollinger_sigma=2.0, bollinger_extreme_sigma=3.0, range_ma_period=10, range_slope_lookback=5, range_slope_threshold=0.0005, range_band_width_threshold=0.003, range_middle_distance_threshold=0.002, trend_ma_period=15, trend_slope_lookback=2, trend_slope_threshold=0.0003, trend_price_position_filter_enabled=True, range_require_reentry_confirmation=True, trend_require_break_confirmation=True, exit_on_range_middle_band=True, close_on_opposite_trend_state=True, enable_range_failure_exit=True, range_failure_adverse_move_ratio=0.28, enable_range_extreme_touch_entry=False, state=trend_up, middle=152.79555, upper=153.00520826957217, lower=152.58589173042782, upper_3sigma=153.11003740435825, lower_3sigma=152.48106259564173, previous_upper=152.97217654364272, previous_lower=152.60332345635732, normalized_band_width=0.002744, latest_band_width=0.419317, distance_from_middle=0.001528, range_slope=0.000606, trend_slope=0.000306, trend_current_ma=152.82066666666665, latest_high=153.029, latest_low=152.921)",trend_up,152.79555,153.00520826957217,152.58589173042782,0.0027442981104119015,0.0006057711807304872,0.0003062413024413931,152.82066666666665,0.001527858632008621,,,,,,,,,,,,,,,,,,,,,,,,,,,,,,,,,,,,,,,,,,,,,,,,22.30000000000132,2.899999999999636,11,,2272,2283,8,2,9,6,10
legacy,,2026-02-12 01:55:00,2026-02-12 02:05:00,sell,153.27,153.419,-14.900000000000091,signal_close,T-0072,"range mean-reversion sell confirmed by reentry from outside upper band; previous_close=153.281, latest_close=153.27, previous_upper=153.26460411757034, latest_upper=153.28113090142017; range because abs(range_slope)=0.000262 <= threshold=0.000500 and normalized_band_width=0.001587 <= threshold=0.003000 and distance_from_middle=0.000721 <= threshold=0.002000 (bollinger_period=20, bollinger_sigma=2.0, bollinger_extreme_sigma=3.0, range_ma_period=10, range_slope_lookback=5, range_slope_threshold=0.0005, range_band_width_threshold=0.003, range_middle_distance_threshold=0.002, trend_ma_period=15, trend_slope_lookback=2, trend_slope_threshold=0.0003, trend_price_position_filter_enabled=True, range_require_reentry_confirmation=True, trend_require_break_confirmation=True, exit_on_range_middle_band=True, close_on_opposite_trend_state=True, enable_range_failure_exit=True, range_failure_adverse_move_ratio=0.28, enable_range_extreme_touch_entry=False, state=range, middle=153.1596, upper=153.28113090142017, lower=153.03806909857985, upper_3sigma=153.34189635213028, lower_3sigma=152.97730364786975, previous_upper=153.26460411757034, previous_lower=153.04359588242966, normalized_band_width=0.001587, latest_band_width=0.243062, distance_from_middle=0.000721, range_slope=0.000262, trend_slope=0.000136, trend_current_ma=153.1726666666667, latest_high=153.289, latest_low=153.262)",range,153.1596,153.28113090142017,153.03806909857985,0.0015869837923337222,0.00026176233285721333,0.00013622970155691776,153.1726666666667,0.0007208167166798457,"sell position closed because range recovery failed and adverse move resumed (entry_price=153.27, previous_close=153.347, latest_close=153.419, middle=153.1857, band_width=0.35754966088643414) (bollinger_period=20, bollinger_sigma=2.0, bollinger_extreme_sigma=3.0, range_ma_period=10, range_slope_lookback=5, range_slope_threshold=0.0005, range_band_width_threshold=0.003, range_middle_distance_threshold=0.002, trend_ma_period=15, trend_slope_lookback=2, trend_slope_threshold=0.0003, trend_price_position_filter_enabled=True, range_require_reentry_confirmation=True, trend_require_break_confirmation=True, exit_on_range_middle_band=True, close_on_opposite_trend_state=True, enable_range_failure_exit=True, range_failure_adverse_move_ratio=0.28, enable_range_extreme_touch_entry=False, state=range, middle=153.1857, upper=153.3644748304432, lower=153.00692516955678, upper_3sigma=153.45386224566482, lower_3sigma=152.91753775433517, previous_upper=153.31576117492276, previous_lower=153.02603882507728, normalized_band_width=0.002334, latest_band_width=0.357550, distance_from_middle=0.001523, range_slope=0.000464, trend_slope=0.000251, trend_current_ma=153.21106666666668, latest_high=153.441, latest_low=153.351)",range,153.1857,153.3644748304432,153.00692516955678,0.0023340929400488043,0.00046401531837912647,0.0002506346364883723,153.21106666666668,0.0015229881118147062,,,,,,,,,,,,,,,,,,,,,,,,,,,,,,,,,,,,,,10.900000000000887,17.099999999999227,2,range_failure_exit,2318,2320,0,0,1,2,2
legacy,,2026-02-12 02:15:00,2026-02-12 02:20:00,sell,153.241,153.117,12.400000000002365,signal_close,T-0073,"range mean-reversion sell confirmed by reentry from outside upper band; previous_close=153.399, latest_close=153.241, previous_upper=153.3981899456029, latest_upper=153.4015183852451; range because abs(range_slope)=0.000497 <= threshold=0.000500 and normalized_band_width=0.002556 <= threshold=0.003000 and distance_from_middle=0.000230 <= threshold=0.002000 (bollinger_period=20, bollinger_sigma=2.0, bollinger_extreme_sigma=3.0, range_ma_period=10, range_slope_lookback=5, range_slope_threshold=0.0005, range_band_width_threshold=0.003, range_middle_distance_threshold=0.002, trend_ma_period=15, trend_slope_lookback=2, trend_slope_threshold=0.0003, trend_price_position_filter_enabled=True, range_require_reentry_confirmation=True, trend_require_break_confirmation=True, exit_on_range_middle_band=True, close_on_opposite_trend_state=True, enable_range_failure_exit=True, range_failure_adverse_move_ratio=0.28, enable_range_extreme_touch_entry=False, state=range, middle=153.2057, upper=153.4015183852451, lower=153.0098816147549, upper_3sigma=153.49942757786766, lower_3sigma=152.91197242213235, previous_upper=153.3981899456029, previous_lower=153.0011100543971, normalized_band_width=0.002556, latest_band_width=0.391637, distance_from_middle=0.000230, range_slope=0.000497, trend_slope=0.000158, trend_current_ma=153.23533333333336, latest_high=153.404, latest_low=153.164)",range,153.2057,153.4015183852451,153.0098816147549,0.002556280676829965,0.0004971891197793291,0.00015836208359262067,153.23533333333336,0.00023040918190384918,"sell position closed because range state returned to middle band: latest close 153.117 <= middle 153.20565 (bollinger_period=20, bollinger_sigma=2.0, bollinger_extreme_sigma=3.0, range_ma_period=10, range_slope_lookback=5, range_slope_threshold=0.0005, range_band_width_threshold=0.003, range_middle_distance_threshold=0.002, trend_ma_period=15, trend_slope_lookback=2, trend_slope_threshold=0.0003, trend_price_position_filter_enabled=True, range_require_reentry_confirmation=True, trend_require_break_confirmation=True, exit_on_range_middle_band=True, close_on_opposite_trend_state=True, enable_range_failure_exit=True, range_failure_adverse_move_ratio=0.28, enable_range_extreme_touch_entry=False, state=range, middle=153.20565, upper=153.40155842248356, lower=153.00974157751642, upper_3sigma=153.49951263372535, lower_3sigma=152.91178736627464, previous_upper=153.4015183852451, previous_lower=153.0098816147549, normalized_band_width=0.002557, latest_band_width=0.391817, distance_from_middle=0.000579, range_slope=0.000435, trend_slope=-0.000002, trend_current_ma=153.2298, latest_high=153.269, latest_low=153.094)",range,153.20565,153.40155842248356,153.00974157751642,0.002557456888614346,0.00043455849248672125,-1.7403055192077347e-06,153.2298,0.0005786340125184759,,,,,,,,,,,,,,,,,,,,,,,,,,,,,,,,,,,,,,14.700000000001978,2.7999999999991587,1,middle_touch_exit,2322,2323,1,0,1,1,1
legacy,,2026-02-12 04:00:00,2026-02-12 05:00:00,sell,152.704,152.50400000000002,19.999999999998863,tp_hit,T-0074,"trend-follow sell confirmed by lower band breakout; previous_close=152.852, latest_close=152.704, previous_lower=152.76582467695425, latest_lower=152.7055328666857; trend_down because trend_slope=-0.000457 < -threshold=0.000300 and latest_close=152.704 <= trend_ma=152.9858 (bollinger_period=20, bollinger_sigma=2.0, bollinger_extreme_sigma=3.0, range_ma_period=10, range_slope_lookback=5, range_slope_threshold=0.0005, range_band_width_threshold=0.003, range_middle_distance_threshold=0.002, trend_ma_period=15, trend_slope_lookback=2, trend_slope_threshold=0.0003, trend_price_position_filter_enabled=True, range_require_reentry_confirmation=True, trend_require_break_confirmation=True, exit_on_range_middle_band=True, close_on_opposite_trend_state=True, enable_range_failure_exit=True, range_failure_adverse_move_ratio=0.28, enable_range_extreme_touch_entry=False, state=trend_down, middle=153.0615, upper=153.4174671333143, lower=152.7055328666857, upper_3sigma=153.59545069997145, lower_3sigma=152.52754930002854, previous_upper=153.39847532304577, previous_lower=152.76582467695425, normalized_band_width=0.004651, latest_band_width=0.711934, distance_from_middle=0.002336, range_slope=-0.000605, trend_slope=-0.000457, trend_current_ma=152.9858, latest_high=152.893, latest_low=152.681)",trend_down,153.0615,153.4174671333143,152.7055328666857,0.004651295502974875,-0.0006054056315797885,-0.00045668726552827396,152.9858,0.002335662462474153,,,,,,,,,,,,,,,,,,,,,,,,,,,,,,,,,,,,,,,,,,,,,,,,33.29999999999984,6.000000000000227,12,,2343,2355,7,11,1,6,11
legacy,,2026-02-12 08:15:00,2026-02-12 08:40:00,buy,153.373,153.173,-19.999999999998863,sl_hit,T-0075,"trend-follow buy confirmed by upper band breakout; previous_close=153.068, latest_close=153.373, previous_upper=153.2683501612903, latest_upper=153.3084114651449; trend_up because trend_slope=0.000307 > threshold=0.000300 and latest_close=153.373 >= trend_ma=153.07026666666667 (bollinger_period=20, bollinger_sigma=2.0, bollinger_extreme_sigma=3.0, range_ma_period=10, range_slope_lookback=5, range_slope_threshold=0.0005, range_band_width_threshold=0.003, range_middle_distance_threshold=0.002, trend_ma_period=15, trend_slope_lookback=2, trend_slope_threshold=0.0003, trend_price_position_filter_enabled=True, range_require_reentry_confirmation=True, trend_require_break_confirmation=True, exit_on_range_middle_band=True, close_on_opposite_trend_state=True, enable_range_failure_exit=True, range_failure_adverse_move_ratio=0.28, enable_range_extreme_touch_entry=False, state=trend_up, middle=153.00455, upper=153.3084114651449, lower=152.7006885348551, upper_3sigma=153.46034219771732, lower_3sigma=152.54875780228267, previous_upper=153.2683501612903, previous_lower=152.66384983870972, normalized_band_width=0.003972, latest_band_width=0.607723, distance_from_middle=0.002408, range_slope=0.000524, trend_slope=0.000307, trend_current_ma=153.07026666666667, latest_high=153.444, latest_low=153.043)",trend_up,153.00455,153.3084114651449,152.7006885348551,0.003971927176608868,0.000524422547426568,0.0003074840574307002,153.07026666666667,0.002408098321259046,,,,,,,,,,,,,,,,,,,,,,,,,,,,,,,,,,,,,,,,,,,,,,,,17.700000000002092,35.3999999999985,5,,2394,2399,0,4,0,2,4
legacy,,2026-02-12 13:00:00,2026-02-12 13:40:00,sell,153.109,153.232,-12.299999999999045,signal_close,T-0076,"range mean-reversion sell confirmed by reentry from outside upper band; previous_close=153.118, latest_close=153.109, previous_upper=153.10796751039697, latest_upper=153.12418815378672; range because abs(range_slope)=0.000353 <= threshold=0.000500 and normalized_band_width=0.001898 <= threshold=0.003000 and distance_from_middle=0.000850 <= threshold=0.002000 (bollinger_period=20, bollinger_sigma=2.0, bollinger_extreme_sigma=3.0, range_ma_period=10, range_slope_lookback=5, range_slope_threshold=0.0005, range_band_width_threshold=0.003, range_middle_distance_threshold=0.002, trend_ma_period=15, trend_slope_lookback=2, trend_slope_threshold=0.0003, trend_price_position_filter_enabled=True, range_require_reentry_confirmation=True, trend_require_break_confirmation=True, exit_on_range_middle_band=True, close_on_opposite_trend_state=True, enable_range_failure_exit=True, range_failure_adverse_move_ratio=0.28, enable_range_extreme_touch_entry=False, state=range, middle=152.97899999999998, upper=153.12418815378672, lower=152.83381184621325, upper_3sigma=153.1967822306801, lower_3sigma=152.76121776931987, previous_upper=153.10796751039697, previous_lower=152.824832489603, normalized_band_width=0.001898, latest_band_width=0.290376, distance_from_middle=0.000850, range_slope=0.000353, trend_slope=0.000210, trend_current_ma=152.99673333333334, latest_high=153.124, latest_low=153.091)",range,152.97899999999998,153.12418815378672,152.83381184621325,0.0018981448929164615,0.00035289527701953826,0.00020959053156244606,152.99673333333334,0.0008497898404357715,"sell position closed because range recovery failed and adverse move resumed (entry_price=153.109, previous_close=153.164, latest_close=153.232, middle=153.0693, band_width=0.3622067917640379) (bollinger_period=20, bollinger_sigma=2.0, bollinger_extreme_sigma=3.0, range_ma_period=10, range_slope_lookback=5, range_slope_threshold=0.0005, range_band_width_threshold=0.003, range_middle_distance_threshold=0.002, trend_ma_period=15, trend_slope_lookback=2, trend_slope_threshold=0.0003, trend_price_position_filter_enabled=True, range_require_reentry_confirmation=True, trend_require_break_confirmation=True, exit_on_range_middle_band=True, close_on_opposite_trend_state=True, enable_range_failure_exit=True, range_failure_adverse_move_ratio=0.28, enable_range_extreme_touch_entry=False, state=range, middle=153.0693, upper=153.25040339588202, lower=152.88819660411798, upper_3sigma=153.34095509382303, lower_3sigma=152.79764490617697, previous_upper=153.22505779695922, previous_lower=152.88934220304083, normalized_band_width=0.002366, latest_band_width=0.362207, distance_from_middle=0.001063, range_slope=0.000485, trend_slope=0.000220, trend_current_ma=153.0996, latest_high=153.244, latest_low=153.163)",range,153.0693,153.25040339588202,152.88819660411798,0.0023662928605803902,0.00048515953782509976,0.0002203358685022346,153.0996,0.001062917253819028,,,,,,,,,,,,,,,,,,,,,,,,,,,,,,,,,,,,,,7.099999999999795,13.49999999999909,8,range_failure_exit,2451,2459,7,2,8,5,8
legacy,,2026-02-12 14:40:00,2026-02-12 15:30:00,buy,153.592,153.39200000000002,-19.999999999998863,sl_hit,T-0077,"trend-follow buy confirmed by upper band breakout; previous_close=153.464, latest_close=153.592, previous_upper=153.5248429720271, latest_upper=153.5736908373587; trend_up because trend_slope=0.000366 > threshold=0.000300 and latest_close=153.592 >= trend_ma=153.34833333333333 (bollinger_period=20, bollinger_sigma=2.0, bollinger_extreme_sigma=3.0, range_ma_period=10, range_slope_lookback=5, range_slope_threshold=0.0005, range_band_width_threshold=0.003, range_middle_distance_threshold=0.002, trend_ma_period=15, trend_slope_lookback=2, trend_slope_threshold=0.0003, trend_price_position_filter_enabled=True, range_require_reentry_confirmation=True, trend_require_break_confirmation=True, exit_on_range_middle_band=True, close_on_opposite_trend_state=True, enable_range_failure_exit=True, range_failure_adverse_move_ratio=0.28, enable_range_extreme_touch_entry=False, state=trend_up, middle=153.2943, upper=153.5736908373587, lower=153.0149091626413, upper_3sigma=153.71338625603806, lower_3sigma=152.87521374396192, previous_upper=153.5248429720271, previous_lower=153.0154570279729, normalized_band_width=0.003645, latest_band_width=0.558782, distance_from_middle=0.001942, range_slope=0.000817, trend_slope=0.000366, trend_current_ma=153.34833333333333, latest_high=153.594, latest_low=153.457)",trend_up,153.2943,153.5736908373587,153.0149091626413,0.003645156243365923,0.0008167500907679964,0.0003656164070905154,153.34833333333333,0.0019420161088835024,,,,,,,,,,,,,,,,,,,,,,,,,,,,,,,,,,,,,,,,,,,,,,,,16.799999999997794,27.000000000001023,10,,2471,2481,9,9,7,6,9
legacy,,2026-02-12 18:05:00,2026-02-12 18:10:00,sell,152.512,152.712,-19.999999999998863,sl_hit,T-0078,"trend-follow sell confirmed by lower band breakout; previous_close=152.642, latest_close=152.512, previous_lower=152.61531513508965, latest_lower=152.5518590799087; trend_down because trend_slope=-0.000458 < -threshold=0.000300 and latest_close=152.512 <= trend_ma=152.83513333333335 (bollinger_period=20, bollinger_sigma=2.0, bollinger_extreme_sigma=3.0, range_ma_period=10, range_slope_lookback=5, range_slope_threshold=0.0005, range_band_width_threshold=0.003, range_middle_distance_threshold=0.002, trend_ma_period=15, trend_slope_lookback=2, trend_slope_threshold=0.0003, trend_price_position_filter_enabled=True, range_require_reentry_confirmation=True, trend_require_break_confirmation=True, exit_on_range_middle_band=True, close_on_opposite_trend_state=True, enable_range_failure_exit=True, range_failure_adverse_move_ratio=0.28, enable_range_extreme_touch_entry=False, state=trend_down, middle=152.88899999999998, upper=153.22614092009127, lower=152.5518590799087, upper_3sigma=153.3947113801369, lower_3sigma=152.38328861986307, previous_upper=153.22398486491034, previous_lower=152.61531513508965, normalized_band_width=0.004410, latest_band_width=0.674282, distance_from_middle=0.002466, range_slope=-0.001050, trend_slope=-0.000458, trend_current_ma=152.83513333333335, latest_high=152.65, latest_low=152.51)",trend_down,152.88899999999998,153.22614092009127,152.5518590799087,0.004410270458846438,-0.0010499216813407933,-0.0004580098729478306,152.83513333333335,0.0024658412312199124,,,,,,,,,,,,,,,,,,,,,,,,,,,,,,,,,,,,,,,,,,,,,,,,4.4999999999987494,24.199999999999022,1,,2512,2513,0,0,0,0,0
legacy,,2026-02-13 00:50:00,2026-02-13 01:05:00,buy,152.71,152.771,6.099999999997863,signal_close,T-0079,"range mean-reversion buy confirmed by reentry from outside lower band; previous_close=152.657, latest_close=152.71, previous_lower=152.6899312816231, latest_lower=152.6873890469962; range because abs(range_slope)=0.000056 <= threshold=0.000500 and normalized_band_width=0.000741 <= threshold=0.003000 and distance_from_middle=0.000223 <= threshold=0.002000 (bollinger_period=20, bollinger_sigma=2.0, bollinger_extreme_sigma=3.0, range_ma_period=10, range_slope_lookback=5, range_slope_threshold=0.0005, range_band_width_threshold=0.003, range_middle_distance_threshold=0.002, trend_ma_period=15, trend_slope_lookback=2, trend_slope_threshold=0.0003, trend_price_position_filter_enabled=True, range_require_reentry_confirmation=True, trend_require_break_confirmation=True, exit_on_range_middle_band=True, close_on_opposite_trend_state=True, enable_range_failure_exit=True, range_failure_adverse_move_ratio=0.28, enable_range_extreme_touch_entry=False, state=range, middle=152.744, upper=152.8006109530038, lower=152.6873890469962, upper_3sigma=152.8289164295057, lower_3sigma=152.6590835704943, previous_upper=152.7998687183769, previous_lower=152.6899312816231, normalized_band_width=0.000741, latest_band_width=0.113222, distance_from_middle=0.000223, range_slope=-0.000056, trend_slope=-0.000056, trend_current_ma=152.74159999999998, latest_high=152.732, latest_low=152.657)",range,152.744,152.8006109530038,152.6873890469962,0.0007412527235609609,-5.5650998837394174e-05,-5.5867774943832045e-05,152.74159999999998,0.00022259466820295274,"buy position closed because range state returned to middle band: latest close 152.771 >= middle 152.7413 (bollinger_period=20, bollinger_sigma=2.0, bollinger_extreme_sigma=3.0, range_ma_period=10, range_slope_lookback=5, range_slope_threshold=0.0005, range_band_width_threshold=0.003, range_middle_distance_threshold=0.002, trend_ma_period=15, trend_slope_lookback=2, trend_slope_threshold=0.0003, trend_price_position_filter_enabled=True, range_require_reentry_confirmation=True, trend_require_break_confirmation=True, exit_on_range_middle_band=True, close_on_opposite_trend_state=True, enable_range_failure_exit=True, range_failure_adverse_move_ratio=0.28, enable_range_extreme_touch_entry=False, state=range, middle=152.7413, upper=152.80073769847493, lower=152.68186230152506, upper_3sigma=152.83045654771243, lower_3sigma=152.65214345228756, previous_upper=152.79904957191624, previous_lower=152.6822504280838, normalized_band_width=0.000778, latest_band_width=0.118875, distance_from_middle=0.000194, range_slope=-0.000048, trend_slope=-0.000015, trend_current_ma=152.73646666666667, latest_high=152.788, latest_low=152.718)",range,152.7413,152.80073769847493,152.68186230152506,0.0007782793321117131,-4.8448375310041984e-05,-1.4840376474096648e-05,152.73646666666667,0.00019444642673586765,,,,,,,,,,,,,,,,,,,,,,,,,,,,,,,,,,,,,,7.800000000000296,3.300000000001546,3,middle_touch_exit,2592,2595,0,0,0,0,0
legacy,,2026-02-13 01:30:00,2026-02-13 01:35:00,sell,152.741,152.742,-0.09999999999763531,signal_close,T-0080,"range mean-reversion sell confirmed by reentry from outside upper band; previous_close=152.847, latest_close=152.741, previous_upper=152.8393475392775, latest_upper=152.8381419477878; range because abs(range_slope)=0.000114 <= threshold=0.000500 and normalized_band_width=0.001124 <= threshold=0.003000 and distance_from_middle=0.000074 <= threshold=0.002000 (bollinger_period=20, bollinger_sigma=2.0, bollinger_extreme_sigma=3.0, range_ma_period=10, range_slope_lookback=5, range_slope_threshold=0.0005, range_band_width_threshold=0.003, range_middle_distance_threshold=0.002, trend_ma_period=15, trend_slope_lookback=2, trend_slope_threshold=0.0003, trend_price_position_filter_enabled=True, range_require_reentry_confirmation=True, trend_require_break_confirmation=True, exit_on_range_middle_band=True, close_on_opposite_trend_state=True, enable_range_failure_exit=True, range_failure_adverse_move_ratio=0.28, enable_range_extreme_touch_entry=False, state=range, middle=152.75230000000002, upper=152.8381419477878, lower=152.66645805221225, upper_3sigma=152.8810629216817, lower_3sigma=152.62353707831835, previous_upper=152.8393475392775, previous_lower=152.6676524607225, normalized_band_width=0.001124, latest_band_width=0.171684, distance_from_middle=0.000074, range_slope=0.000114, trend_slope=0.000072, trend_current_ma=152.75986666666668, latest_high=152.846, latest_low=152.74)",range,152.75230000000002,152.8381419477878,152.66645805221225,0.001123936566425125,0.00011390617666087059,7.200844200786384e-05,152.75986666666668,7.397597286591192e-05,"sell position closed because range state returned to middle band: latest close 152.742 <= middle 152.75205 (bollinger_period=20, bollinger_sigma=2.0, bollinger_extreme_sigma=3.0, range_ma_period=10, range_slope_lookback=5, range_slope_threshold=0.0005, range_band_width_threshold=0.003, range_middle_distance_threshold=0.002, trend_ma_period=15, trend_slope_lookback=2, trend_slope_threshold=0.0003, trend_price_position_filter_enabled=True, range_require_reentry_confirmation=True, trend_require_break_confirmation=True, exit_on_range_middle_band=True, close_on_opposite_trend_state=True, enable_range_failure_exit=True, range_failure_adverse_move_ratio=0.28, enable_range_extreme_touch_entry=False, state=range, middle=152.75205, upper=152.83798130977706, lower=152.66611869022293, upper_3sigma=152.88094696466558, lower_3sigma=152.6231530353344, previous_upper=152.8381419477878, previous_lower=152.66645805221225, normalized_band_width=0.001125, latest_band_width=0.171863, distance_from_middle=0.000066, range_slope=0.000150, trend_slope=-0.000007, trend_current_ma=152.75799999999998, latest_high=152.789, latest_low=152.719)",range,152.75205,152.83798130977706,152.66611869022293,0.0011251084326143793,0.00014990266145952047,-6.5463019942209025e-06,152.75799999999998,6.579289770583619e-05,,,,,,,,,,,,,,,,,,,,,,,,,,,,,,,,,,,,,,2.200000000001978,4.79999999999734,1,middle_touch_exit,2600,2601,0,0,1,1,1
legacy,,2026-02-13 01:55:00,2026-02-13 02:05:00,sell,152.786,152.855,-6.89999999999884,signal_close,T-0081,"range mean-reversion sell confirmed by reentry from outside upper band; previous_close=152.859, latest_close=152.786, previous_upper=152.85360453465466, latest_upper=152.85621304315615; range because abs(range_slope)=0.000160 <= threshold=0.000500 and normalized_band_width=0.001249 <= threshold=0.003000 and distance_from_middle=0.000165 <= threshold=0.002000 (bollinger_period=20, bollinger_sigma=2.0, bollinger_extreme_sigma=3.0, range_ma_period=10, range_slope_lookback=5, range_slope_threshold=0.0005, range_band_width_threshold=0.003, range_middle_distance_threshold=0.002, trend_ma_period=15, trend_slope_lookback=2, trend_slope_threshold=0.0003, trend_price_position_filter_enabled=True, range_require_reentry_confirmation=True, trend_require_break_confirmation=True, exit_on_range_middle_band=True, close_on_opposite_trend_state=True, enable_range_failure_exit=True, range_failure_adverse_move_ratio=0.28, enable_range_extreme_touch_entry=False, state=range, middle=152.76085, upper=152.85621304315615, lower=152.66548695684386, upper_3sigma=152.90389456473423, lower_3sigma=152.61780543526578, previous_upper=152.85360453465466, previous_lower=152.66229546534532, normalized_band_width=0.001249, latest_band_width=0.190726, distance_from_middle=0.000165, range_slope=0.000160, trend_slope=0.000051, trend_current_ma=152.7594666666667, latest_high=152.876, latest_low=152.771)",range,152.76085,152.85621304315615,152.66548695684386,0.0012485272654104863,0.00016035941453752402,5.0624249364770486e-05,152.7594666666667,0.00016463642353388614,"sell position closed because range recovery failed and adverse move resumed (entry_price=152.786, previous_close=152.806, latest_close=152.855, middle=152.76745, band_width=0.21055156138106668) (bollinger_period=20, bollinger_sigma=2.0, bollinger_extreme_sigma=3.0, range_ma_period=10, range_slope_lookback=5, range_slope_threshold=0.0005, range_band_width_threshold=0.003, range_middle_distance_threshold=0.002, trend_ma_period=15, trend_slope_lookback=2, trend_slope_threshold=0.0003, trend_price_position_filter_enabled=True, range_require_reentry_confirmation=True, trend_require_break_confirmation=True, exit_on_range_middle_band=True, close_on_opposite_trend_state=True, enable_range_failure_exit=True, range_failure_adverse_move_ratio=0.28, enable_range_extreme_touch_entry=False, state=range, middle=152.76745, upper=152.87272578069053, lower=152.66217421930946, upper_3sigma=152.9253636710358, lower_3sigma=152.6095363289642, previous_upper=152.85997476560465, previous_lower=152.66532523439537, normalized_band_width=0.001378, latest_band_width=0.210552, distance_from_middle=0.000573, range_slope=0.000138, trend_slope=0.000128, trend_current_ma=152.77906666666667, latest_high=152.913, latest_low=152.801)",range,152.76745,152.87272578069053,152.66217421930946,0.001378248844116117,0.00013809985077355488,0.00012828982679107345,152.77906666666667,0.000573093286560672,,,,,,,,,,,,,,,,,,,,,,,,,,,,,,,,,,,,,,3.499999999999659,14.099999999999113,2,range_failure_exit,2605,2607,0,0,2,1,2
legacy,,2026-02-13 13:05:00,2026-02-13 13:40:00,buy,153.393,153.231,-16.200000000000614,signal_close,T-0082,"range mean-reversion buy confirmed by reentry from outside lower band; previous_close=153.337, latest_close=153.393, previous_lower=153.38604557673517, latest_lower=153.38165492159277; range because abs(range_slope)=0.000312 <= threshold=0.000500 and normalized_band_width=0.001244 <= threshold=0.003000 and distance_from_middle=0.000548 <= threshold=0.002000 (bollinger_period=20, bollinger_sigma=2.0, bollinger_extreme_sigma=3.0, range_ma_period=10, range_slope_lookback=5, range_slope_threshold=0.0005, range_band_width_threshold=0.003, range_middle_distance_threshold=0.002, trend_ma_period=15, trend_slope_lookback=2, trend_slope_threshold=0.0003, trend_price_position_filter_enabled=True, range_require_reentry_confirmation=True, trend_require_break_confirmation=True, exit_on_range_middle_band=True, close_on_opposite_trend_state=True, enable_range_failure_exit=True, range_failure_adverse_move_ratio=0.28, enable_range_extreme_touch_entry=False, state=range, middle=153.47715, upper=153.57264507840722, lower=153.38165492159277, upper_3sigma=153.6203926176108, lower_3sigma=153.33390738238919, previous_upper=153.58895442326485, previous_lower=153.38604557673517, normalized_band_width=0.001244, latest_band_width=0.190990, distance_from_middle=0.000548, range_slope=-0.000312, trend_slope=-0.000083, trend_current_ma=153.47653333333335, latest_high=153.4, latest_low=153.329)",range,153.47715,153.57264507840722,153.38165492159277,0.0012444207936780853,-0.00031213853998663147,-8.340037217415164e-05,153.47653333333335,0.0005482900874820385,"buy position closed because range recovery failed and adverse move resumed (entry_price=153.393, previous_close=153.33, latest_close=153.231, middle=153.43135, band_width=0.31203916420861333) (bollinger_period=20, bollinger_sigma=2.0, bollinger_extreme_sigma=3.0, range_ma_period=10, range_slope_lookback=5, range_slope_threshold=0.0005, range_band_width_threshold=0.003, range_middle_distance_threshold=0.002, trend_ma_period=15, trend_slope_lookback=2, trend_slope_threshold=0.0003, trend_price_position_filter_enabled=True, range_require_reentry_confirmation=True, trend_require_break_confirmation=True, exit_on_range_middle_band=True, close_on_opposite_trend_state=True, enable_range_failure_exit=True, range_failure_adverse_move_ratio=0.28, enable_range_extreme_touch_entry=False, state=range, middle=153.43135, upper=153.58736958210432, lower=153.2753304178957, upper_3sigma=153.66537937315647, lower_3sigma=153.19732062684355, previous_upper=153.58068769576892, previous_lower=153.3133123042311, normalized_band_width=0.002034, latest_band_width=0.312039, distance_from_middle=0.001306, range_slope=-0.000423, trend_slope=-0.000182, trend_current_ma=153.4064, latest_high=153.331, latest_low=153.226)",range,153.43135,153.58736958210432,153.2753304178957,0.002033737982547982,-0.00042317071580398786,-0.00018208714456060965,153.4064,0.0013057957190627239,,,,,,,,,,,,,,,,,,,,,,,,,,,,,,,,,,,,,,5.299999999999727,16.70000000000016,7,range_failure_exit,2739,2746,2,0,7,7,7
legacy,,2026-02-13 13:45:00,2026-02-13 15:20:00,buy,153.253,153.298,4.500000000001592,signal_close,T-0083,"range mean-reversion buy confirmed by reentry from outside lower band; previous_close=153.231, latest_close=153.253, previous_lower=153.2753304178957, latest_lower=153.24921299990825; range because abs(range_slope)=0.000495 <= threshold=0.000500 and normalized_band_width=0.002202 <= threshold=0.003000 and distance_from_middle=0.001076 <= threshold=0.002000 (bollinger_period=20, bollinger_sigma=2.0, bollinger_extreme_sigma=3.0, range_ma_period=10, range_slope_lookback=5, range_slope_threshold=0.0005, range_band_width_threshold=0.003, range_middle_distance_threshold=0.002, trend_ma_period=15, trend_slope_lookback=2, trend_slope_threshold=0.0003, trend_price_position_filter_enabled=True, range_require_reentry_confirmation=True, trend_require_break_confirmation=True, exit_on_range_middle_band=True, close_on_opposite_trend_state=True, enable_range_failure_exit=True, range_failure_adverse_move_ratio=0.28, enable_range_extreme_touch_entry=False, state=range, middle=153.41815, upper=153.58708700009174, lower=153.24921299990825, upper_3sigma=153.67155550013763, lower_3sigma=153.16474449986237, previous_upper=153.58736958210432, previous_lower=153.2753304178957, normalized_band_width=0.002202, latest_band_width=0.337874, distance_from_middle=0.001076, range_slope=-0.000495, trend_slope=-0.000206, trend_current_ma=153.39133333333334, latest_high=153.265, latest_low=153.211)",range,153.41815,153.58708700009174,153.24921299990825,0.0022023078767635373,-0.0004949513656483542,-0.0002055744131567311,153.39133333333334,0.0010764697658002735,"buy position closed because range state returned to middle band: latest close 153.298 >= middle 153.2832 (bollinger_period=20, bollinger_sigma=2.0, bollinger_extreme_sigma=3.0, range_ma_period=10, range_slope_lookback=5, range_slope_threshold=0.0005, range_band_width_threshold=0.003, range_middle_distance_threshold=0.002, trend_ma_period=15, trend_slope_lookback=2, trend_slope_threshold=0.0003, trend_price_position_filter_enabled=True, range_require_reentry_confirmation=True, trend_require_break_confirmation=True, exit_on_range_middle_band=True, close_on_opposite_trend_state=True, enable_range_failure_exit=True, range_failure_adverse_move_ratio=0.28, enable_range_extreme_touch_entry=False, state=range, middle=153.2832, upper=153.35632619229798, lower=153.210073807702, upper_3sigma=153.39288928844695, lower_3sigma=153.17351071155304, previous_upper=153.3560320845081, previous_lower=153.20366791549188, normalized_band_width=0.000954, latest_band_width=0.146252, distance_from_middle=0.000097, range_slope=-0.000196, trend_slope=-0.000021, trend_current_ma=153.27993333333333, latest_high=153.316, latest_low=153.241)",range,153.2832,153.35632619229798,153.210073807702,0.0009541318591729702,-0.0001963958426719521,-2.0876835802332957e-05,153.27993333333333,9.655330786418955e-05,,,,,,,,,,,,,,,,,,,,,,,,,,,,,,,,,,,,,,12.400000000002365,6.19999999999834,19,middle_touch_exit,2747,2766,2,18,5,8,18
legacy,,2026-02-13 15:40:00,2026-02-13 15:50:00,buy,153.227,153.02700000000002,-19.999999999998863,sl_hit,T-0084,"range mean-reversion buy confirmed by reentry from outside lower band; previous_close=153.08, latest_close=153.227, previous_lower=153.10787885654216, latest_lower=153.10527669531555; range because abs(range_slope)=0.000303 <= threshold=0.000500 and normalized_band_width=0.001946 <= threshold=0.003000 and distance_from_middle=0.000179 <= threshold=0.002000 (bollinger_period=20, bollinger_sigma=2.0, bollinger_extreme_sigma=3.0, range_ma_period=10, range_slope_lookback=5, range_slope_threshold=0.0005, range_band_width_threshold=0.003, range_middle_distance_threshold=0.002, trend_ma_period=15, trend_slope_lookback=2, trend_slope_threshold=0.0003, trend_price_position_filter_enabled=True, range_require_reentry_confirmation=True, trend_require_break_confirmation=True, exit_on_range_middle_band=True, close_on_opposite_trend_state=True, enable_range_failure_exit=True, range_failure_adverse_move_ratio=0.28, enable_range_extreme_touch_entry=False, state=range, middle=153.25439999999998, upper=153.4035233046844, lower=153.10527669531555, upper_3sigma=153.4780849570266, lower_3sigma=153.03071504297336, previous_upper=153.41012114345781, previous_lower=153.10787885654216, normalized_band_width=0.001946, latest_band_width=0.298247, distance_from_middle=0.000179, range_slope=-0.000303, trend_slope=-0.000136, trend_current_ma=153.23366666666666, latest_high=153.258, latest_low=153.02)",range,153.25439999999998,153.4035233046844,153.10527669531555,0.0019460883953011847,-0.000302847550198323,-0.00013617547057749815,153.23366666666666,0.00017878768896665724,,,,,,,,,,,,,,,,,,,,,,,,,,,,,,,,,,,,,,,,,,,,,,,,1.300000000000523,21.999999999999886,2,,2770,2772,0,0,1,1,1
legacy,,2026-02-13 15:55:00,2026-02-13 16:25:00,buy,153.043,152.84300000000002,-19.999999999998863,sl_hit,T-0085,"range mean-reversion buy confirmed by reentry from outside lower band; previous_close=153.034, latest_close=153.043, previous_lower=153.06039813670063, latest_lower=153.0350436003294; range because abs(range_slope)=0.000452 <= threshold=0.000500 and normalized_band_width=0.002397 <= threshold=0.003000 and distance_from_middle=0.001146 <= threshold=0.002000 (bollinger_period=20, bollinger_sigma=2.0, bollinger_extreme_sigma=3.0, range_ma_period=10, range_slope_lookback=5, range_slope_threshold=0.0005, range_band_width_threshold=0.003, range_middle_distance_threshold=0.002, trend_ma_period=15, trend_slope_lookback=2, trend_slope_threshold=0.0003, trend_price_position_filter_enabled=True, range_require_reentry_confirmation=True, trend_require_break_confirmation=True, exit_on_range_middle_band=True, close_on_opposite_trend_state=True, enable_range_failure_exit=True, range_failure_adverse_move_ratio=0.28, enable_range_extreme_touch_entry=False, state=range, middle=153.21865, upper=153.4022563996706, lower=153.0350436003294, upper_3sigma=153.4940595995059, lower_3sigma=152.9432404004941, previous_upper=153.40790186329937, previous_lower=153.06039813670063, normalized_band_width=0.002397, latest_band_width=0.367213, distance_from_middle=0.001146, range_slope=-0.000452, trend_slope=-0.000215, trend_current_ma=153.19433333333333, latest_high=153.043, latest_low=152.959)",range,153.21865,153.4022563996706,153.0350436003294,0.0023966586270091086,-0.0004524482149187674,-0.00021497749046426814,153.19433333333333,0.0011464009113772398,,,,,,,,,,,,,,,,,,,,,,,,,,,,,,,,,,,,,,,,,,,,,,,,5.400000000000205,23.199999999999932,6,,2773,2779,4,0,5,5,5
legacy,,2026-02-13 18:05:00,2026-02-13 18:20:00,sell,153.137,152.937,19.999999999998863,tp_hit,T-0086,"range mean-reversion sell confirmed by reentry from outside upper band; previous_close=153.142, latest_close=153.137, previous_upper=153.1350419825631, latest_upper=153.15098998073483; range because abs(range_slope)=0.000127 <= threshold=0.000500 and normalized_band_width=0.001900 <= threshold=0.003000 and distance_from_middle=0.000858 <= threshold=0.002000 (bollinger_period=20, bollinger_sigma=2.0, bollinger_extreme_sigma=3.0, range_ma_period=10, range_slope_lookback=5, range_slope_threshold=0.0005, range_band_width_threshold=0.003, range_middle_distance_threshold=0.002, trend_ma_period=15, trend_slope_lookback=2, trend_slope_threshold=0.0003, trend_price_position_filter_enabled=True, range_require_reentry_confirmation=True, trend_require_break_confirmation=True, exit_on_range_middle_band=True, close_on_opposite_trend_state=True, enable_range_failure_exit=True, range_failure_adverse_move_ratio=0.28, enable_range_extreme_touch_entry=False, state=range, middle=153.00565, upper=153.15098998073483, lower=152.86031001926517, upper_3sigma=153.22365997110222, lower_3sigma=152.78764002889778, previous_upper=153.1350419825631, previous_lower=152.85035801743686, normalized_band_width=0.001900, latest_band_width=0.290680, distance_from_middle=0.000858, range_slope=0.000127, trend_slope=0.000108, trend_current_ma=153.02460000000002, latest_high=153.141, latest_low=153.055)",range,153.00565,153.15098998073483,152.86031001926517,0.001899798873242026,0.00012742707740439298,0.00010804363045773143,153.02460000000002,0.0008584650305397064,,,,,,,,,,,,,,,,,,,,,,,,,,,,,,,,,,,,,,,,,,,,,,,,27.69999999999868,1.300000000000523,3,,2799,2802,0,0,0,2,2
legacy,,2026-02-13 18:30:00,2026-02-13 19:10:00,buy,152.837,152.637,-19.999999999998863,sl_hit,T-0087,"range mean-reversion buy confirmed by reentry from outside lower band; previous_close=152.851, latest_close=152.837, previous_lower=152.85777947506998, latest_lower=152.83095156620112; range because abs(range_slope)=0.000246 <= threshold=0.000500 and normalized_band_width=0.002212 <= threshold=0.003000 and distance_from_middle=0.001066 <= threshold=0.002000 (bollinger_period=20, bollinger_sigma=2.0, bollinger_extreme_sigma=3.0, range_ma_period=10, range_slope_lookback=5, range_slope_threshold=0.0005, range_band_width_threshold=0.003, range_middle_distance_threshold=0.002, trend_ma_period=15, trend_slope_lookback=2, trend_slope_threshold=0.0003, trend_price_position_filter_enabled=True, range_require_reentry_confirmation=True, trend_require_break_confirmation=True, exit_on_range_middle_band=True, close_on_opposite_trend_state=True, enable_range_failure_exit=True, range_failure_adverse_move_ratio=0.28, enable_range_extreme_touch_entry=False, state=range, middle=153.00015000000002, upper=153.16934843379892, lower=152.83095156620112, upper_3sigma=153.25394765069836, lower_3sigma=152.74635234930167, previous_upper=153.16182052493, previous_lower=152.85777947506998, normalized_band_width=0.002212, latest_band_width=0.338397, distance_from_middle=0.001066, range_slope=-0.000246, trend_slope=-0.000176, trend_current_ma=152.99473333333333, latest_high=152.859, latest_low=152.785)",range,153.00015000000002,153.16934843379892,152.83095156620112,0.002211742064290747,-0.00024576593017500777,-0.00017560517333719205,152.99473333333333,0.001066338823851023,,,,,,,,,,,,,,,,,,,,,,,,,,,,,,,,,,,,,,,,,,,,,,,,4.800000000000182,25.199999999998113,8,,2804,2812,4,0,7,7,7
legacy,,2026-02-13 21:35:00,2026-02-13 22:00:00,buy,152.731,152.78,4.900000000000659,signal_close,T-0088,"range mean-reversion buy confirmed by reentry from outside lower band; previous_close=152.718, latest_close=152.731, previous_lower=152.73038938997243, latest_lower=152.72203983471096; range because abs(range_slope)=0.000171 <= threshold=0.000500 and normalized_band_width=0.000887 <= threshold=0.003000 and distance_from_middle=0.000385 <= threshold=0.002000 (bollinger_period=20, bollinger_sigma=2.0, bollinger_extreme_sigma=3.0, range_ma_period=10, range_slope_lookback=5, range_slope_threshold=0.0005, range_band_width_threshold=0.003, range_middle_distance_threshold=0.002, trend_ma_period=15, trend_slope_lookback=2, trend_slope_threshold=0.0003, trend_price_position_filter_enabled=True, range_require_reentry_confirmation=True, trend_require_break_confirmation=True, exit_on_range_middle_band=True, close_on_opposite_trend_state=True, enable_range_failure_exit=True, range_failure_adverse_move_ratio=0.28, enable_range_extreme_touch_entry=False, state=range, middle=152.7898, upper=152.85756016528907, lower=152.72203983471096, upper_3sigma=152.89144024793362, lower_3sigma=152.6881597520664, previous_upper=152.85481061002756, previous_lower=152.73038938997243, normalized_band_width=0.000887, latest_band_width=0.135520, distance_from_middle=0.000385, range_slope=-0.000171, trend_slope=-0.000090, trend_current_ma=152.78686666666667, latest_high=152.743, latest_low=152.706)",range,152.7898,152.85756016528907,152.72203983471096,0.0008869723671221338,-0.00017148841471407972,-9.03218993953889e-05,152.78686666666667,0.0003848424436711042,"buy position closed because range state returned to middle band: latest close 152.78 >= middle 152.77725 (bollinger_period=20, bollinger_sigma=2.0, bollinger_extreme_sigma=3.0, range_ma_period=10, range_slope_lookback=5, range_slope_threshold=0.0005, range_band_width_threshold=0.003, range_middle_distance_threshold=0.002, trend_ma_period=15, trend_slope_lookback=2, trend_slope_threshold=0.0003, trend_price_position_filter_enabled=True, range_require_reentry_confirmation=True, trend_require_break_confirmation=True, exit_on_range_middle_band=True, close_on_opposite_trend_state=True, enable_range_failure_exit=True, range_failure_adverse_move_ratio=0.28, enable_range_extreme_touch_entry=False, state=range, middle=152.77725, upper=152.85006449031616, lower=152.70443550968386, upper_3sigma=152.88647173547423, lower_3sigma=152.6680282645258, previous_upper=152.85824895765822, previous_lower=152.7023510423418, normalized_band_width=0.000953, latest_band_width=0.145629, distance_from_middle=0.000018, range_slope=-0.000208, trend_slope=-0.000027, trend_current_ma=152.76946666666666, latest_high=152.815, latest_low=152.758)",range,152.77725,152.85006449031616,152.70443550968386,0.0009532111661408729,-0.000207530951244634,-2.6619629926189305e-05,152.76946666666666,1.8000062181979415e-05,,,,,,,,,,,,,,,,,,,,,,,,,,,,,,,,,,,,,,8.400000000000318,2.0999999999986585,5,middle_touch_exit,2841,2846,0,0,2,5,5
legacy,,2026-02-13 23:10:00,2026-02-13 23:45:00,buy,152.652,152.708,5.60000000000116,signal_close,T-0089,"range mean-reversion buy confirmed by reentry from outside lower band; previous_close=152.625, latest_close=152.652, previous_lower=152.6399681458937, latest_lower=152.6307417386795; range because abs(range_slope)=0.000360 <= threshold=0.000500 and normalized_band_width=0.001219 <= threshold=0.003000 and distance_from_middle=0.000470 <= threshold=0.002000 (bollinger_period=20, bollinger_sigma=2.0, bollinger_extreme_sigma=3.0, range_ma_period=10, range_slope_lookback=5, range_slope_threshold=0.0005, range_band_width_threshold=0.003, range_middle_distance_threshold=0.002, trend_ma_period=15, trend_slope_lookback=2, trend_slope_threshold=0.0003, trend_price_position_filter_enabled=True, range_require_reentry_confirmation=True, trend_require_break_confirmation=True, exit_on_range_middle_band=True, close_on_opposite_trend_state=True, enable_range_failure_exit=True, range_failure_adverse_move_ratio=0.28, enable_range_extreme_touch_entry=False, state=range, middle=152.7238, upper=152.81685826132053, lower=152.6307417386795, upper_3sigma=152.8633873919808, lower_3sigma=152.58421260801921, previous_upper=152.8142318541063, previous_lower=152.6399681458937, normalized_band_width=0.001219, latest_band_width=0.186117, distance_from_middle=0.000470, range_slope=-0.000360, trend_slope=-0.000099, trend_current_ma=152.71886666666666, latest_high=152.669, latest_low=152.636)",range,152.7238,152.81685826132053,152.6307417386795,0.0012186477984508209,-0.0003602071911764093,-9.865622365813563e-05,152.71886666666666,0.000470129737473953,"buy position closed because range state returned to middle band: latest close 152.708 >= middle 152.69035 (bollinger_period=20, bollinger_sigma=2.0, bollinger_extreme_sigma=3.0, range_ma_period=10, range_slope_lookback=5, range_slope_threshold=0.0005, range_band_width_threshold=0.003, range_middle_distance_threshold=0.002, trend_ma_period=15, trend_slope_lookback=2, trend_slope_threshold=0.0003, trend_price_position_filter_enabled=True, range_require_reentry_confirmation=True, trend_require_break_confirmation=True, exit_on_range_middle_band=True, close_on_opposite_trend_state=True, enable_range_failure_exit=True, range_failure_adverse_move_ratio=0.28, enable_range_extreme_touch_entry=False, state=range, middle=152.69035, upper=152.7925307711852, lower=152.5881692288148, upper_3sigma=152.84362115677777, lower_3sigma=152.53707884322222, previous_upper=152.8049018430421, previous_lower=152.58379815695793, normalized_band_width=0.001338, latest_band_width=0.204362, distance_from_middle=0.000116, range_slope=-0.000145, trend_slope=-0.000020, trend_current_ma=152.6716, latest_high=152.709, latest_low=152.663)",range,152.69035,152.7925307711852,152.5881692288148,0.0013384050948236535,-0.0001454309144197896,-1.9650020042928105e-05,152.6716,0.00011559342158822267,,,,,,,,,,,,,,,,,,,,,,,,,,,,,,,,,,,,,,5.700000000001637,4.699999999999704,7,middle_touch_exit,2860,2867,7,0,7,6,7
legacy,,2026-02-16 01:10:00,2026-02-16 01:15:00,sell,152.727,152.791,-6.399999999999295,signal_close,T-0090,"range mean-reversion sell confirmed by reentry from outside upper band; previous_close=152.732, latest_close=152.727, previous_upper=152.71536090362534, latest_upper=152.7286693942356; range because abs(range_slope)=0.000185 <= threshold=0.000500 and normalized_band_width=0.001064 <= threshold=0.003000 and distance_from_middle=0.000521 <= threshold=0.002000 (bollinger_period=20, bollinger_sigma=2.0, bollinger_extreme_sigma=3.0, range_ma_period=10, range_slope_lookback=5, range_slope_threshold=0.0005, range_band_width_threshold=0.003, range_middle_distance_threshold=0.002, trend_ma_period=15, trend_slope_lookback=2, trend_slope_threshold=0.0003, trend_price_position_filter_enabled=True, range_require_reentry_confirmation=True, trend_require_break_confirmation=True, exit_on_range_middle_band=True, close_on_opposite_trend_state=True, enable_range_failure_exit=True, range_failure_adverse_move_ratio=0.28, enable_range_extreme_touch_entry=False, state=range, middle=152.64745, upper=152.7286693942356, lower=152.5662306057644, upper_3sigma=152.7692790913534, lower_3sigma=152.52562090864657, previous_upper=152.71536090362534, previous_lower=152.56883909637466, normalized_band_width=0.001064, latest_band_width=0.162439, distance_from_middle=0.000521, range_slope=0.000185, trend_slope=0.000038, trend_current_ma=152.63966666666667, latest_high=152.756, latest_low=152.722)",range,152.64745,152.7286693942356,152.5662306057644,0.001064143478788584,0.00018539238987168977,3.799798654361586e-05,152.63966666666667,0.000521135466069114,"sell position closed because range recovery failed and adverse move resumed (entry_price=152.727, previous_close=152.727, latest_close=152.791, middle=152.65605, band_width=0.20258519195635927) (bollinger_period=20, bollinger_sigma=2.0, bollinger_extreme_sigma=3.0, range_ma_period=10, range_slope_lookback=5, range_slope_threshold=0.0005, range_band_width_threshold=0.003, range_middle_distance_threshold=0.002, trend_ma_period=15, trend_slope_lookback=2, trend_slope_threshold=0.0003, trend_price_position_filter_enabled=True, range_require_reentry_confirmation=True, trend_require_break_confirmation=True, exit_on_range_middle_band=True, close_on_opposite_trend_state=True, enable_range_failure_exit=True, range_failure_adverse_move_ratio=0.28, enable_range_extreme_touch_entry=False, state=range, middle=152.65605, upper=152.75734259597817, lower=152.5547574040218, upper_3sigma=152.80798889396726, lower_3sigma=152.50411110603272, previous_upper=152.7286693942356, previous_lower=152.5662306057644, normalized_band_width=0.001327, latest_band_width=0.202585, distance_from_middle=0.000884, range_slope=0.000330, trend_slope=0.000058, trend_current_ma=152.6472, latest_high=152.796, latest_low=152.722)",range,152.65605,152.75734259597817,152.5547574040218,0.0013270695262739948,0.0003301315810158373,5.764927230901001e-05,152.6472,0.0008840134406726983,,,,,,,,,,,,,,,,,,,,,,,,,,,,,,,,,,,,,,0.49999999999954525,6.89999999999884,1,range_failure_exit,2882,2883,0,0,0,0,0
legacy,,2026-02-16 01:25:00,2026-02-16 02:05:00,sell,152.787,152.932,-14.499999999998181,signal_close,T-0091,"range mean-reversion sell confirmed by reentry from outside upper band; previous_close=152.776, latest_close=152.787, previous_upper=152.7753083695917, latest_upper=152.7919681877252; range because abs(range_slope)=0.000472 <= threshold=0.000500 and normalized_band_width=0.001650 <= threshold=0.003000 and distance_from_middle=0.000792 <= threshold=0.002000 (bollinger_period=20, bollinger_sigma=2.0, bollinger_extreme_sigma=3.0, range_ma_period=10, range_slope_lookback=5, range_slope_threshold=0.0005, range_band_width_threshold=0.003, range_middle_distance_threshold=0.002, trend_ma_period=15, trend_slope_lookback=2, trend_slope_threshold=0.0003, trend_price_position_filter_enabled=True, range_require_reentry_confirmation=True, trend_require_break_confirmation=True, exit_on_range_middle_band=True, close_on_opposite_trend_state=True, enable_range_failure_exit=True, range_failure_adverse_move_ratio=0.28, enable_range_extreme_touch_entry=False, state=range, middle=152.66604999999998, upper=152.7919681877252, lower=152.54013181227478, upper_3sigma=152.8549272815878, lower_3sigma=152.47717271841216, previous_upper=152.7753083695917, previous_lower=152.5473916304083, normalized_band_width=0.001650, latest_band_width=0.251836, distance_from_middle=0.000792, range_slope=0.000472, trend_slope=0.000154, trend_current_ma=152.67073333333335, latest_high=152.788, latest_low=152.758)",range,152.66604999999998,152.7919681877252,152.54013181227478,0.001649589908499037,0.00047217723477035913,0.00015414436558685885,152.67073333333335,0.0007922521084420661,"sell position closed because range recovery failed and adverse move resumed (entry_price=152.787, previous_close=152.827, latest_close=152.932, middle=152.74335000000002, band_width=0.36833088385310475) (bollinger_period=20, bollinger_sigma=2.0, bollinger_extreme_sigma=3.0, range_ma_period=10, range_slope_lookback=5, range_slope_threshold=0.0005, range_band_width_threshold=0.003, range_middle_distance_threshold=0.002, trend_ma_period=15, trend_slope_lookback=2, trend_slope_threshold=0.0003, trend_price_position_filter_enabled=True, range_require_reentry_confirmation=True, trend_require_break_confirmation=True, exit_on_range_middle_band=True, close_on_opposite_trend_state=True, enable_range_failure_exit=True, range_failure_adverse_move_ratio=0.28, enable_range_extreme_touch_entry=False, state=range, middle=152.74335000000002, upper=152.92751544192657, lower=152.55918455807347, upper_3sigma=153.01959816288982, lower_3sigma=152.46710183711022, previous_upper=152.89773540807727, previous_lower=152.55766459192273, normalized_band_width=0.002411, latest_band_width=0.368331, distance_from_middle=0.001235, range_slope=0.000417, trend_slope=0.000224, trend_current_ma=152.7834, latest_high=152.944, latest_low=152.814)",range,152.74335000000002,152.92751544192657,152.55918455807347,0.0024114364641937254,0.00041682943954442843,0.00022428265548919145,152.7834,0.0012350783192850432,,,,,,,,,,,,,,,,,,,,,,,,,,,,,,,,,,,,,,3.2000000000010687,15.699999999998226,8,range_failure_exit,2885,2893,8,0,8,8,8
legacy,,2026-02-16 08:45:00,2026-02-16 09:00:00,buy,153.086,153.186,9.999999999999432,signal_close,T-0092,"range mean-reversion buy confirmed by reentry from outside lower band; previous_close=153.072, latest_close=153.086, previous_lower=153.09451967991805, latest_lower=153.08165219197159; range because abs(range_slope)=0.000300 <= threshold=0.000500 and normalized_band_width=0.001102 <= threshold=0.003000 and distance_from_middle=0.000523 <= threshold=0.002000 (bollinger_period=20, bollinger_sigma=2.0, bollinger_extreme_sigma=3.0, range_ma_period=10, range_slope_lookback=5, range_slope_threshold=0.0005, range_band_width_threshold=0.003, range_middle_distance_threshold=0.002, trend_ma_period=15, trend_slope_lookback=2, trend_slope_threshold=0.0003, trend_price_position_filter_enabled=True, range_require_reentry_confirmation=True, trend_require_break_confirmation=True, exit_on_range_middle_band=True, close_on_opposite_trend_state=True, enable_range_failure_exit=True, range_failure_adverse_move_ratio=0.28, enable_range_extreme_touch_entry=False, state=range, middle=153.16604999999998, upper=153.25044780802838, lower=153.08165219197159, upper_3sigma=153.2926467120426, lower_3sigma=153.03945328795737, previous_upper=153.24948032008194, previous_lower=153.09451967991805, normalized_band_width=0.001102, latest_band_width=0.168796, distance_from_middle=0.000523, range_slope=-0.000300, trend_slope=-0.000102, trend_current_ma=153.1576, latest_high=153.112, latest_low=153.07)",range,153.16604999999998,153.25044780802838,153.08165219197159,0.0011020432795439841,-0.0002997263283132261,-0.0001018558661144225,153.1576,0.0005226354012522458,"buy position closed because range state returned to middle band: latest close 153.186 >= middle 153.159 (bollinger_period=20, bollinger_sigma=2.0, bollinger_extreme_sigma=3.0, range_ma_period=10, range_slope_lookback=5, range_slope_threshold=0.0005, range_band_width_threshold=0.003, range_middle_distance_threshold=0.002, trend_ma_period=15, trend_slope_lookback=2, trend_slope_threshold=0.0003, trend_price_position_filter_enabled=True, range_require_reentry_confirmation=True, trend_require_break_confirmation=True, exit_on_range_middle_band=True, close_on_opposite_trend_state=True, enable_range_failure_exit=True, range_failure_adverse_move_ratio=0.28, enable_range_extreme_touch_entry=False, state=range, middle=153.159, upper=153.2459965516558, lower=153.0720034483442, upper_3sigma=153.28949482748368, lower_3sigma=153.0285051725163, previous_upper=153.24670732234773, previous_lower=153.07189267765227, normalized_band_width=0.001136, latest_band_width=0.173993, distance_from_middle=0.000176, range_slope=-0.000247, trend_slope=-0.000033, trend_current_ma=153.14593333333332, latest_high=153.191, latest_low=153.118)",range,153.159,153.2459965516558,153.0720034483442,0.0011360292461533585,-0.0002468605283728028,-3.308391255572136e-05,153.14593333333332,0.00017628738761688988,,,,,,,,,,,,,,,,,,,,,,,,,,,,,,,,,,,,,,10.499999999998977,0.30000000000143245,3,middle_touch_exit,2973,2976,3,0,2,3,3
legacy,,2026-02-16 09:20:00,2026-02-16 10:30:00,sell,153.302,153.373,-7.099999999999795,signal_close,T-0093,"range mean-reversion sell confirmed by reentry from outside upper band; previous_close=153.329, latest_close=153.302, previous_upper=153.28598558213827, latest_upper=153.3048799681287; range because abs(range_slope)=0.000343 <= threshold=0.000500 and normalized_band_width=0.001721 <= threshold=0.003000 and distance_from_middle=0.000842 <= threshold=0.002000 (bollinger_period=20, bollinger_sigma=2.0, bollinger_extreme_sigma=3.0, range_ma_period=10, range_slope_lookback=5, range_slope_threshold=0.0005, range_band_width_threshold=0.003, range_middle_distance_threshold=0.002, trend_ma_period=15, trend_slope_lookback=2, trend_slope_threshold=0.0003, trend_price_position_filter_enabled=True, range_require_reentry_confirmation=True, trend_require_break_confirmation=True, exit_on_range_middle_band=True, close_on_opposite_trend_state=True, enable_range_failure_exit=True, range_failure_adverse_move_ratio=0.28, enable_range_extreme_touch_entry=False, state=range, middle=153.1731, upper=153.3048799681287, lower=153.04132003187132, upper_3sigma=153.37076995219306, lower_3sigma=152.97543004780695, previous_upper=153.28598558213827, previous_lower=153.04931441786175, normalized_band_width=0.001721, latest_band_width=0.263560, distance_from_middle=0.000842, range_slope=0.000343, trend_slope=0.000101, trend_current_ma=153.1668, latest_high=153.357, latest_low=153.298)",range,153.1731,153.3048799681287,153.04132003187132,0.0017206672467774415,0.000342742764700111,0.0001009792374500774,153.1668,0.0008415315744082176,"sell position closed because range recovery failed and adverse move resumed (entry_price=153.302, previous_close=153.347, latest_close=153.373, middle=153.2925, band_width=0.2533629807213629) (bollinger_period=20, bollinger_sigma=2.0, bollinger_extreme_sigma=3.0, range_ma_period=10, range_slope_lookback=5, range_slope_threshold=0.0005, range_band_width_threshold=0.003, range_middle_distance_threshold=0.002, trend_ma_period=15, trend_slope_lookback=2, trend_slope_threshold=0.0003, trend_price_position_filter_enabled=True, range_require_reentry_confirmation=True, trend_require_break_confirmation=True, exit_on_range_middle_band=True, close_on_opposite_trend_state=True, enable_range_failure_exit=True, range_failure_adverse_move_ratio=0.28, enable_range_extreme_touch_entry=False, state=range, middle=153.2925, upper=153.41918149036067, lower=153.1658185096393, upper_3sigma=153.48252223554098, lower_3sigma=153.102477764459, previous_upper=153.42256674727108, previous_lower=153.13653325272892, normalized_band_width=0.001653, latest_band_width=0.253363, distance_from_middle=0.000525, range_slope=0.000142, trend_slope=0.000056, trend_current_ma=153.3174666666667, latest_high=153.387, latest_low=153.346)",range,153.2925,153.41918149036067,153.1658185096393,0.0016528074153749394,0.0001421827531016916,5.609276090327843e-05,153.3174666666667,0.0005251398470244839,,,,,,,,,,,,,,,,,,,,,,,,,,,,,,,,,,,,,,9.899999999998954,14.300000000000068,14,range_failure_exit,2980,2994,0,5,10,10,14
legacy,,2026-02-16 13:40:00,2026-02-16 14:25:00,buy,153.409,153.314,-9.499999999999886,signal_close,T-0094,"range mean-reversion buy confirmed by reentry from outside lower band; previous_close=153.417, latest_close=153.409, previous_lower=153.42667594970843, latest_lower=153.40720136055208; range because abs(range_slope)=0.000458 <= threshold=0.000500 and normalized_band_width=0.001532 <= threshold=0.003000 and distance_from_middle=0.000754 <= threshold=0.002000 (bollinger_period=20, bollinger_sigma=2.0, bollinger_extreme_sigma=3.0, range_ma_period=10, range_slope_lookback=5, range_slope_threshold=0.0005, range_band_width_threshold=0.003, range_middle_distance_threshold=0.002, trend_ma_period=15, trend_slope_lookback=2, trend_slope_threshold=0.0003, trend_price_position_filter_enabled=True, range_require_reentry_confirmation=True, trend_require_break_confirmation=True, exit_on_range_middle_band=True, close_on_opposite_trend_state=True, enable_range_failure_exit=True, range_failure_adverse_move_ratio=0.28, enable_range_extreme_touch_entry=False, state=range, middle=153.5248, upper=153.64239863944792, lower=153.40720136055208, upper_3sigma=153.70119795917188, lower_3sigma=153.34840204082812, previous_upper=153.63792405029162, previous_lower=153.42667594970843, normalized_band_width=0.001532, latest_band_width=0.235197, distance_from_middle=0.000754, range_slope=-0.000458, trend_slope=-0.000130, trend_current_ma=153.5104, latest_high=153.438, latest_low=153.402)",range,153.5248,153.64239863944792,153.40720136055208,0.001531982317487723,-0.00045805177483662364,-0.00013028433252737425,153.5104,0.000754275530728633,"buy position closed because range recovery failed and adverse move resumed (entry_price=153.409, previous_close=153.324, latest_close=153.314, middle=153.42270000000002, band_width=0.3111529527419066) (bollinger_period=20, bollinger_sigma=2.0, bollinger_extreme_sigma=3.0, range_ma_period=10, range_slope_lookback=5, range_slope_threshold=0.0005, range_band_width_threshold=0.003, range_middle_distance_threshold=0.002, trend_ma_period=15, trend_slope_lookback=2, trend_slope_threshold=0.0003, trend_price_position_filter_enabled=True, range_require_reentry_confirmation=True, trend_require_break_confirmation=True, exit_on_range_middle_band=True, close_on_opposite_trend_state=True, enable_range_failure_exit=True, range_failure_adverse_move_ratio=0.28, enable_range_extreme_touch_entry=False, state=range, middle=153.42270000000002, upper=153.57827647637097, lower=153.26712352362907, upper_3sigma=153.65606471455644, lower_3sigma=153.1893352854436, previous_upper=153.59749922600435, previous_lower=153.27450077399567, normalized_band_width=0.002028, latest_band_width=0.311153, distance_from_middle=0.000709, range_slope=-0.000445, trend_slope=-0.000165, trend_current_ma=153.39106666666666, latest_high=153.339, latest_low=153.313)",range,153.42270000000002,153.57827647637097,153.26712352362907,0.0020280763716314897,-0.00044537068795747387,-0.00016472058781336754,153.39106666666666,0.0007085001111310602,,,,,,,,,,,,,,,,,,,,,,,,,,,,,,,,,,,,,,2.400000000000091,9.799999999998477,9,range_failure_exit,3032,3041,9,5,8,8,9
legacy,,2026-02-16 16:15:00,2026-02-16 16:50:00,buy,153.271,153.349,7.800000000000296,signal_close,T-0095,"range mean-reversion buy confirmed by reentry from outside lower band; previous_close=153.248, latest_close=153.271, previous_lower=153.24980925157263, latest_lower=153.24169291872394; range because abs(range_slope)=0.000367 <= threshold=0.000500 and normalized_band_width=0.001216 <= threshold=0.003000 and distance_from_middle=0.000417 <= threshold=0.002000 (bollinger_period=20, bollinger_sigma=2.0, bollinger_extreme_sigma=3.0, range_ma_period=10, range_slope_lookback=5, range_slope_threshold=0.0005, range_band_width_threshold=0.003, range_middle_distance_threshold=0.002, trend_ma_period=15, trend_slope_lookback=2, trend_slope_threshold=0.0003, trend_price_position_filter_enabled=True, range_require_reentry_confirmation=True, trend_require_break_confirmation=True, exit_on_range_middle_band=True, close_on_opposite_trend_state=True, enable_range_failure_exit=True, range_failure_adverse_move_ratio=0.28, enable_range_extreme_touch_entry=False, state=range, middle=153.3349, upper=153.42810708127607, lower=153.24169291872394, upper_3sigma=153.47471062191408, lower_3sigma=153.19508937808592, previous_upper=153.43139074842736, previous_lower=153.24980925157263, normalized_band_width=0.001216, latest_band_width=0.186414, distance_from_middle=0.000417, range_slope=-0.000367, trend_slope=-0.000069, trend_current_ma=153.33059999999998, latest_high=153.293, latest_low=153.247)",range,153.3349,153.42810708127607,153.24169291872394,0.0012157321167726696,-0.00036724584532767113,-6.869687677065352e-05,153.33059999999998,0.0004167348724916379,"buy position closed because range state returned to middle band: latest close 153.349 >= middle 153.31555 (bollinger_period=20, bollinger_sigma=2.0, bollinger_extreme_sigma=3.0, range_ma_period=10, range_slope_lookback=5, range_slope_threshold=0.0005, range_band_width_threshold=0.003, range_middle_distance_threshold=0.002, trend_ma_period=15, trend_slope_lookback=2, trend_slope_threshold=0.0003, trend_price_position_filter_enabled=True, range_require_reentry_confirmation=True, trend_require_break_confirmation=True, exit_on_range_middle_band=True, close_on_opposite_trend_state=True, enable_range_failure_exit=True, range_failure_adverse_move_ratio=0.28, enable_range_extreme_touch_entry=False, state=range, middle=153.31555, upper=153.4113841797064, lower=153.2197158202936, upper_3sigma=153.45930126955963, lower_3sigma=153.17179873044037, previous_upper=153.41747499687423, previous_lower=153.21752500312576, normalized_band_width=0.001250, latest_band_width=0.191668, distance_from_middle=0.000218, range_slope=-0.000025, trend_slope=-0.000011, trend_current_ma=153.29566666666668, latest_high=153.349, latest_low=153.302)",range,153.31555,153.4113841797064,153.2197158202936,0.001250156030570948,-2.5442703032873146e-05,-1.1307125445852626e-05,153.29566666666668,0.0002181774777573949,,,,,,,,,,,,,,,,,,,,,,,,,,,,,,,,,,,,,,7.800000000000296,2.0999999999986585,7,middle_touch_exit,3063,3070,0,0,7,6,7
legacy,,2026-02-16 17:05:00,2026-02-16 17:25:00,sell,153.383,153.297,8.600000000001273,signal_close,T-0096,"range mean-reversion sell confirmed by reentry from outside upper band; previous_close=153.402, latest_close=153.383, previous_upper=153.4014977426349, latest_upper=153.39904319465793; range because abs(range_slope)=0.000276 <= threshold=0.000500 and normalized_band_width=0.001131 <= threshold=0.003000 and distance_from_middle=0.000461 <= threshold=0.002000 (bollinger_period=20, bollinger_sigma=2.0, bollinger_extreme_sigma=3.0, range_ma_period=10, range_slope_lookback=5, range_slope_threshold=0.0005, range_band_width_threshold=0.003, range_middle_distance_threshold=0.002, trend_ma_period=15, trend_slope_lookback=2, trend_slope_threshold=0.0003, trend_price_position_filter_enabled=True, range_require_reentry_confirmation=True, trend_require_break_confirmation=True, exit_on_range_middle_band=True, close_on_opposite_trend_state=True, enable_range_failure_exit=True, range_failure_adverse_move_ratio=0.28, enable_range_extreme_touch_entry=False, state=range, middle=153.31234999999998, upper=153.39904319465793, lower=153.22565680534203, upper_3sigma=153.4423897919869, lower_3sigma=153.18231020801306, previous_upper=153.4014977426349, previous_lower=153.22430225736508, normalized_band_width=0.001131, latest_band_width=0.173386, distance_from_middle=0.000461, range_slope=0.000276, trend_slope=0.000067, trend_current_ma=153.30513333333332, latest_high=153.403, latest_low=153.357)",range,153.31234999999998,153.39904319465793,153.22565680534203,0.0011309355659600041,0.00027589103673709693,6.696883818197711e-05,153.30513333333332,0.00046082393231875303,"sell position closed because range state returned to middle band: latest close 153.297 <= middle 153.3132 (bollinger_period=20, bollinger_sigma=2.0, bollinger_extreme_sigma=3.0, range_ma_period=10, range_slope_lookback=5, range_slope_threshold=0.0005, range_band_width_threshold=0.003, range_middle_distance_threshold=0.002, trend_ma_period=15, trend_slope_lookback=2, trend_slope_threshold=0.0003, trend_price_position_filter_enabled=True, range_require_reentry_confirmation=True, trend_require_break_confirmation=True, exit_on_range_middle_band=True, close_on_opposite_trend_state=True, enable_range_failure_exit=True, range_failure_adverse_move_ratio=0.28, enable_range_extreme_touch_entry=False, state=range, middle=153.3132, upper=153.40141020349142, lower=153.22498979650857, upper_3sigma=153.44551530523714, lower_3sigma=153.18088469476285, previous_upper=153.40168605631368, previous_lower=153.22581394368632, normalized_band_width=0.001151, latest_band_width=0.176420, distance_from_middle=0.000106, range_slope=0.000239, trend_slope=0.000065, trend_current_ma=153.32326666666668, latest_high=153.358, latest_low=153.297)",range,153.3132,153.40141020349142,153.22498979650857,0.0011507189660306912,0.00023867469030994636,6.522167324910892e-05,153.32326666666668,0.00010566604832459158,,,,,,,,,,,,,,,,,,,,,,,,,,,,,,,,,,,,,,8.600000000001273,0.899999999998613,4,middle_touch_exit,3073,3077,0,0,0,2,2
legacy,,2026-02-16 17:55:00,2026-02-16 19:05:00,sell,153.453,153.529,-7.599999999999341,signal_close,T-0097,"range mean-reversion sell confirmed by reentry from outside upper band; previous_close=153.456, latest_close=153.453, previous_upper=153.4479471000542, latest_upper=153.4624928235358; range because abs(range_slope)=0.000189 <= threshold=0.000500 and normalized_band_width=0.001465 <= threshold=0.003000 and distance_from_middle=0.000671 <= threshold=0.002000 (bollinger_period=20, bollinger_sigma=2.0, bollinger_extreme_sigma=3.0, range_ma_period=10, range_slope_lookback=5, range_slope_threshold=0.0005, range_band_width_threshold=0.003, range_middle_distance_threshold=0.002, trend_ma_period=15, trend_slope_lookback=2, trend_slope_threshold=0.0003, trend_price_position_filter_enabled=True, range_require_reentry_confirmation=True, trend_require_break_confirmation=True, exit_on_range_middle_band=True, close_on_opposite_trend_state=True, enable_range_failure_exit=True, range_failure_adverse_move_ratio=0.28, enable_range_extreme_touch_entry=False, state=range, middle=153.35014999999999, upper=153.4624928235358, lower=153.23780717646417, upper_3sigma=153.5186642353037, lower_3sigma=153.18163576469627, previous_upper=153.4479471000542, previous_lower=153.2341528999458, normalized_band_width=0.001465, latest_band_width=0.224686, distance_from_middle=0.000671, range_slope=0.000189, trend_slope=0.000128, trend_current_ma=153.37166666666664, latest_high=153.465, latest_low=153.426)",range,153.35014999999999,153.4624928235358,153.23780717646417,0.0014651804844770212,0.00018907424684879318,0.00012822881236212145,153.37166666666664,0.0006706873126633256,"sell position closed because range recovery failed and adverse move resumed (entry_price=153.453, previous_close=153.492, latest_close=153.529, middle=153.45435, band_width=0.1985558863393635) (bollinger_period=20, bollinger_sigma=2.0, bollinger_extreme_sigma=3.0, range_ma_period=10, range_slope_lookback=5, range_slope_threshold=0.0005, range_band_width_threshold=0.003, range_middle_distance_threshold=0.002, trend_ma_period=15, trend_slope_lookback=2, trend_slope_threshold=0.0003, trend_price_position_filter_enabled=True, range_require_reentry_confirmation=True, trend_require_break_confirmation=True, exit_on_range_middle_band=True, close_on_opposite_trend_state=True, enable_range_failure_exit=True, range_failure_adverse_move_ratio=0.28, enable_range_extreme_touch_entry=False, state=range, middle=153.45435, upper=153.5536279431697, lower=153.35507205683032, upper_3sigma=153.6032669147545, lower_3sigma=153.3054330852455, previous_upper=153.55744590228076, previous_lower=153.32805409771922, normalized_band_width=0.001294, latest_band_width=0.198556, distance_from_middle=0.000486, range_slope=0.000193, trend_slope=0.000055, trend_current_ma=153.4743333333333, latest_high=153.555, latest_low=153.491)",range,153.45435,153.5536279431697,153.35507205683032,0.0012939084903058368,0.00019284945493960333,5.516666196082851e-05,153.4743333333333,0.0004864638897495654,,,,,,,,,,,,,,,,,,,,,,,,,,,,,,,,,,,,,,5.700000000001637,11.099999999999,14,range_failure_exit,3083,3097,4,6,2,8,13
legacy,,2026-02-16 22:20:00,2026-02-16 22:55:00,buy,153.461,153.496,3.499999999999659,signal_close,T-0098,"range mean-reversion buy confirmed by reentry from outside lower band; previous_close=153.458, latest_close=153.461, previous_lower=153.45859585862578, latest_lower=153.45547781293953; range because abs(range_slope)=0.000091 <= threshold=0.000500 and normalized_band_width=0.000349 <= threshold=0.003000 and distance_from_middle=0.000138 <= threshold=0.002000 (bollinger_period=20, bollinger_sigma=2.0, bollinger_extreme_sigma=3.0, range_ma_period=10, range_slope_lookback=5, range_slope_threshold=0.0005, range_band_width_threshold=0.003, range_middle_distance_threshold=0.002, trend_ma_period=15, trend_slope_lookback=2, trend_slope_threshold=0.0003, trend_price_position_filter_enabled=True, range_require_reentry_confirmation=True, trend_require_break_confirmation=True, exit_on_range_middle_band=True, close_on_opposite_trend_state=True, enable_range_failure_exit=True, range_failure_adverse_move_ratio=0.28, enable_range_extreme_touch_entry=False, state=range, middle=153.48225, upper=153.50902218706045, lower=153.45547781293953, upper_3sigma=153.52240828059067, lower_3sigma=153.44209171940932, previous_upper=153.50870414137424, previous_lower=153.45859585862578, normalized_band_width=0.000349, latest_band_width=0.053544, distance_from_middle=0.000138, range_slope=-0.000091, trend_slope=-0.000030, trend_current_ma=153.47953333333334, latest_high=153.473, latest_low=153.453)",range,153.48225,153.50902218706045,153.45547781293953,0.000348863625083147,-9.057020787496023e-05,-3.0405791347539412e-05,153.47953333333334,0.0001384524920632886,"buy position closed because range state returned to middle band: latest close 153.496 >= middle 153.47445 (bollinger_period=20, bollinger_sigma=2.0, bollinger_extreme_sigma=3.0, range_ma_period=10, range_slope_lookback=5, range_slope_threshold=0.0005, range_band_width_threshold=0.003, range_middle_distance_threshold=0.002, trend_ma_period=15, trend_slope_lookback=2, trend_slope_threshold=0.0003, trend_price_position_filter_enabled=True, range_require_reentry_confirmation=True, trend_require_break_confirmation=True, exit_on_range_middle_band=True, close_on_opposite_trend_state=True, enable_range_failure_exit=True, range_failure_adverse_move_ratio=0.28, enable_range_extreme_touch_entry=False, state=range, middle=153.47445, upper=153.5022239086194, lower=153.44667609138057, upper_3sigma=153.51611086292914, lower_3sigma=153.43278913707084, previous_upper=153.5009395230956, previous_lower=153.44726047690438, normalized_band_width=0.000362, latest_band_width=0.055548, distance_from_middle=0.000140, range_slope=-0.000016, trend_slope=-0.000001, trend_current_ma=153.46893333333335, latest_high=153.496, latest_low=153.454)",range,153.47445,153.5022239086194,153.44667609138057,0.0003619352748216147,-1.563869403887407e-05,-8.68796898586236e-07,153.46893333333335,0.00014041425136248448,,,,,,,,,,,,,,,,,,,,,,,,,,,,,,,,,,,,,,3.499999999999659,1.9000000000005457,7,middle_touch_exit,3136,3143,0,2,4,0,4
legacy,,2026-02-16 23:15:00,2026-02-17 00:00:00,sell,153.5,153.422,7.800000000000296,signal_close,T-0099,"range mean-reversion sell confirmed by reentry from outside upper band; previous_close=153.507, latest_close=153.5, previous_upper=153.5047993288515, latest_upper=153.50788184520323; range because abs(range_slope)=0.000116 <= threshold=0.000500 and normalized_band_width=0.000414 <= threshold=0.003000 and distance_from_middle=0.000155 <= threshold=0.002000 (bollinger_period=20, bollinger_sigma=2.0, bollinger_extreme_sigma=3.0, range_ma_period=10, range_slope_lookback=5, range_slope_threshold=0.0005, range_band_width_threshold=0.003, range_middle_distance_threshold=0.002, trend_ma_period=15, trend_slope_lookback=2, trend_slope_threshold=0.0003, trend_price_position_filter_enabled=True, range_require_reentry_confirmation=True, trend_require_break_confirmation=True, exit_on_range_middle_band=True, close_on_opposite_trend_state=True, enable_range_failure_exit=True, range_failure_adverse_move_ratio=0.28, enable_range_extreme_touch_entry=False, state=range, middle=153.47615000000002, upper=153.50788184520323, lower=153.4444181547968, upper_3sigma=153.52374776780482, lower_3sigma=153.42855223219522, previous_upper=153.5047993288515, previous_lower=153.44520067114848, normalized_band_width=0.000414, latest_band_width=0.063464, distance_from_middle=0.000155, range_slope=0.000116, trend_slope=0.000025, trend_current_ma=153.47566666666668, latest_high=153.506, latest_low=153.485)",range,153.47615000000002,153.50788184520323,153.4444181547968,0.00041350848588801774,0.00011597511617054103,2.4759625304418245e-05,153.47566666666668,0.00015539873784937736,"sell position closed because range state returned to middle band: latest close 153.422 <= middle 153.482 (bollinger_period=20, bollinger_sigma=2.0, bollinger_extreme_sigma=3.0, range_ma_period=10, range_slope_lookback=5, range_slope_threshold=0.0005, range_band_width_threshold=0.003, range_middle_distance_threshold=0.002, trend_ma_period=15, trend_slope_lookback=2, trend_slope_threshold=0.0003, trend_price_position_filter_enabled=True, range_require_reentry_confirmation=True, trend_require_break_confirmation=True, exit_on_range_middle_band=True, close_on_opposite_trend_state=True, enable_range_failure_exit=True, range_failure_adverse_move_ratio=0.28, enable_range_extreme_touch_entry=False, state=range, middle=153.482, upper=153.52741805808267, lower=153.43658194191732, upper_3sigma=153.550127087124, lower_3sigma=153.413872912876, previous_upper=153.5218136817475, previous_lower=153.44578631825252, normalized_band_width=0.000592, latest_band_width=0.090836, distance_from_middle=0.000391, range_slope=0.000001, trend_slope=-0.000000, trend_current_ma=153.489, latest_high=153.493, latest_low=153.39)",range,153.482,153.52741805808267,153.43658194191732,0.0005918356300110033,1.3030105407470244e-06,-4.343416575056178e-07,153.489,0.0003909253202330063,,,,,,,,,,,,,,,,,,,,,,,,,,,,,,,,,,,,,,11.000000000001364,2.0999999999986585,8,middle_touch_exit,3147,3155,0,0,3,0,3
legacy,,2026-02-17 00:10:00,2026-02-17 00:35:00,buy,153.457,153.483,2.600000000001046,signal_close,T-0100,"range mean-reversion buy confirmed by reentry from outside lower band; previous_close=153.426, latest_close=153.457, previous_lower=153.42936237871547, latest_lower=153.42815978775; range because abs(range_slope)=0.000115 <= threshold=0.000500 and normalized_band_width=0.000672 <= threshold=0.003000 and distance_from_middle=0.000148 <= threshold=0.002000 (bollinger_period=20, bollinger_sigma=2.0, bollinger_extreme_sigma=3.0, range_ma_period=10, range_slope_lookback=5, range_slope_threshold=0.0005, range_band_width_threshold=0.003, range_middle_distance_threshold=0.002, trend_ma_period=15, trend_slope_lookback=2, trend_slope_threshold=0.0003, trend_price_position_filter_enabled=True, range_require_reentry_confirmation=True, trend_require_break_confirmation=True, exit_on_range_middle_band=True, close_on_opposite_trend_state=True, enable_range_failure_exit=True, range_failure_adverse_move_ratio=0.28, enable_range_extreme_touch_entry=False, state=range, middle=153.47975, upper=153.53134021225, lower=153.42815978775, upper_3sigma=153.557135318375, lower_3sigma=153.402364681625, previous_upper=153.53113762128456, previous_lower=153.42936237871547, normalized_band_width=0.000672, latest_band_width=0.103180, distance_from_middle=0.000148, range_slope=-0.000115, trend_slope=-0.000022, trend_current_ma=153.4856, latest_high=153.458, latest_low=153.426)",range,153.47975,153.53134021225,153.42815978775,0.0006722738634902018,-0.00011532574963378632,-2.215191522852425e-05,153.4856,0.0001482280235666402,"buy position closed because range state returned to middle band: latest close 153.483 >= middle 153.48160000000001 (bollinger_period=20, bollinger_sigma=2.0, bollinger_extreme_sigma=3.0, range_ma_period=10, range_slope_lookback=5, range_slope_threshold=0.0005, range_band_width_threshold=0.003, range_middle_distance_threshold=0.002, trend_ma_period=15, trend_slope_lookback=2, trend_slope_threshold=0.0003, trend_price_position_filter_enabled=True, range_require_reentry_confirmation=True, trend_require_break_confirmation=True, exit_on_range_middle_band=True, close_on_opposite_trend_state=True, enable_range_failure_exit=True, range_failure_adverse_move_ratio=0.28, enable_range_extreme_touch_entry=False, state=range, middle=153.48160000000001, upper=153.53119193482817, lower=153.43200806517186, upper_3sigma=153.55598790224226, lower_3sigma=153.40721209775776, previous_upper=153.53084101909795, previous_lower=153.43035898090207, normalized_band_width=0.000646, latest_band_width=0.099184, distance_from_middle=0.000009, range_slope=-0.000072, trend_slope=-0.000025, trend_current_ma=153.47539999999998, latest_high=153.484, latest_low=153.467)",range,153.48160000000001,153.53119193482817,153.43200806517186,0.0006462264509642522,-7.232815872055397e-05,-2.5194048470838586e-05,153.47539999999998,9.121614577836247e-06,,,,,,,,,,,,,,,,,,,,,,,,,,,,,,,,,,,,,,2.7000000000015234,0.39999999999906777,5,middle_touch_exit,3157,3162,0,0,5,0,5
legacy,,2026-02-17 01:20:00,2026-02-17 01:55:00,sell,153.63,153.542,8.799999999999386,signal_close,T-0101,"range mean-reversion sell confirmed by reentry from outside upper band; previous_close=153.623, latest_close=153.63, previous_upper=153.61006733089752, latest_upper=153.63044885301943; range because abs(range_slope)=0.000436 <= threshold=0.000500 and normalized_band_width=0.001604 <= threshold=0.003000 and distance_from_middle=0.000799 <= threshold=0.002000 (bollinger_period=20, bollinger_sigma=2.0, bollinger_extreme_sigma=3.0, range_ma_period=10, range_slope_lookback=5, range_slope_threshold=0.0005, range_band_width_threshold=0.003, range_middle_distance_threshold=0.002, trend_ma_period=15, trend_slope_lookback=2, trend_slope_threshold=0.0003, trend_price_position_filter_enabled=True, range_require_reentry_confirmation=True, trend_require_break_confirmation=True, exit_on_range_middle_band=True, close_on_opposite_trend_state=True, enable_range_failure_exit=True, range_failure_adverse_move_ratio=0.28, enable_range_extreme_touch_entry=False, state=range, middle=153.50730000000001, upper=153.63044885301943, lower=153.3841511469806, upper_3sigma=153.69202327952917, lower_3sigma=153.32257672047086, previous_upper=153.61006733089752, previous_lower=153.3909326691025, normalized_band_width=0.001604, latest_band_width=0.246298, distance_from_middle=0.000799, range_slope=0.000436, trend_slope=0.000176, trend_current_ma=153.51893333333334, latest_high=153.637, latest_low=153.62)",range,153.50730000000001,153.63044885301943,153.3841511469806,0.001604469012475831,0.0004356994832823967,0.00017587407242721355,153.51893333333334,0.0007993105213887579,"sell position closed because range state returned to middle band: latest close 153.542 <= middle 153.5581 (bollinger_period=20, bollinger_sigma=2.0, bollinger_extreme_sigma=3.0, range_ma_period=10, range_slope_lookback=5, range_slope_threshold=0.0005, range_band_width_threshold=0.003, range_middle_distance_threshold=0.002, trend_ma_period=15, trend_slope_lookback=2, trend_slope_threshold=0.0003, trend_price_position_filter_enabled=True, range_require_reentry_confirmation=True, trend_require_break_confirmation=True, exit_on_range_middle_band=True, close_on_opposite_trend_state=True, enable_range_failure_exit=True, range_failure_adverse_move_ratio=0.28, enable_range_extreme_touch_entry=False, state=range, middle=153.5581, upper=153.6948755826162, lower=153.4213244173838, upper_3sigma=153.7632633739243, lower_3sigma=153.3529366260757, previous_upper=153.69675855537665, previous_lower=153.41184144462338, normalized_band_width=0.001781, latest_band_width=0.273551, distance_from_middle=0.000105, range_slope=0.000276, trend_slope=0.000092, trend_current_ma=153.58553333333333, latest_high=153.651, latest_low=153.529)",range,153.5581,153.6948755826162,153.4213244173838,0.0017814180120253556,0.0002760127356443424,9.202255594394804e-05,153.58553333333333,0.000104846308986595,,,,,,,,,,,,,,,,,,,,,,,,,,,,,,,,,,,,,,10.099999999999909,11.100000000001842,7,middle_touch_exit,3171,3178,5,2,7,5,7
legacy,,2026-02-17 04:05:00,2026-02-17 05:55:00,buy,153.109,153.14,3.099999999997749,signal_close,T-0102,"range mean-reversion buy confirmed by reentry from outside lower band; previous_close=153.032, latest_close=153.109, previous_lower=153.12027713198006, latest_lower=153.09646298309016; range because abs(range_slope)=0.000353 <= threshold=0.000500 and normalized_band_width=0.002096 <= threshold=0.003000 and distance_from_middle=0.000966 <= threshold=0.002000 (bollinger_period=20, bollinger_sigma=2.0, bollinger_extreme_sigma=3.0, range_ma_period=10, range_slope_lookback=5, range_slope_threshold=0.0005, range_band_width_threshold=0.003, range_middle_distance_threshold=0.002, trend_ma_period=15, trend_slope_lookback=2, trend_slope_threshold=0.0003, trend_price_position_filter_enabled=True, range_require_reentry_confirmation=True, trend_require_break_confirmation=True, exit_on_range_middle_band=True, close_on_opposite_trend_state=True, enable_range_failure_exit=True, range_failure_adverse_move_ratio=0.28, enable_range_extreme_touch_entry=False, state=range, middle=153.25705, upper=153.41763701690982, lower=153.09646298309016, upper_3sigma=153.49793052536475, lower_3sigma=153.01616947463523, previous_upper=153.41372286801993, previous_lower=153.12027713198006, normalized_band_width=0.002096, latest_band_width=0.321174, distance_from_middle=0.000966, range_slope=-0.000353, trend_slope=-0.000173, trend_current_ma=153.2522, latest_high=153.116, latest_low=153.024)",range,153.25705,153.41763701690982,153.09646298309016,0.0020956558528280374,-0.00035304167262142493,-0.00017313508930613393,153.2522,0.0009660240752381935,"buy position closed because range state returned to middle band: latest close 153.14 >= middle 153.10774999999998 (bollinger_period=20, bollinger_sigma=2.0, bollinger_extreme_sigma=3.0, range_ma_period=10, range_slope_lookback=5, range_slope_threshold=0.0005, range_band_width_threshold=0.003, range_middle_distance_threshold=0.002, trend_ma_period=15, trend_slope_lookback=2, trend_slope_threshold=0.0003, trend_price_position_filter_enabled=True, range_require_reentry_confirmation=True, trend_require_break_confirmation=True, exit_on_range_middle_band=True, close_on_opposite_trend_state=True, enable_range_failure_exit=True, range_failure_adverse_move_ratio=0.28, enable_range_extreme_touch_entry=False, state=range, middle=153.10774999999998, upper=153.21204357602457, lower=153.0034564239754, upper_3sigma=153.2641903640369, lower_3sigma=152.95130963596307, previous_upper=153.21434252575276, previous_lower=153.0029574742472, normalized_band_width=0.001362, latest_band_width=0.208587, distance_from_middle=0.000211, range_slope=-0.000040, trend_slope=-0.000030, trend_current_ma=153.0854666666667, latest_high=153.145, latest_low=153.07)",range,153.10774999999998,153.21204357602457,153.0034564239754,0.0013623552827938263,-3.984893985472203e-05,-3.0048574173264694e-05,153.0854666666667,0.00021063597368523002,,,,,,,,,,,,,,,,,,,,,,,,,,,,,,,,,,,,,,12.000000000000455,11.7999999999995,22,middle_touch_exit,3204,3226,0,11,5,14,22
legacy,,2026-02-17 07:20:00,2026-02-17 08:00:00,buy,152.943,152.869,-7.400000000001228,signal_close,T-0103,"range mean-reversion buy confirmed by reentry from outside lower band; previous_close=152.945, latest_close=152.943, previous_lower=152.94985004118618, latest_lower=152.9308298878958; range because abs(range_slope)=0.000197 <= threshold=0.000500 and normalized_band_width=0.001725 <= threshold=0.003000 and distance_from_middle=0.000783 <= threshold=0.002000 (bollinger_period=20, bollinger_sigma=2.0, bollinger_extreme_sigma=3.0, range_ma_period=10, range_slope_lookback=5, range_slope_threshold=0.0005, range_band_width_threshold=0.003, range_middle_distance_threshold=0.002, trend_ma_period=15, trend_slope_lookback=2, trend_slope_threshold=0.0003, trend_price_position_filter_enabled=True, range_require_reentry_confirmation=True, trend_require_break_confirmation=True, exit_on_range_middle_band=True, close_on_opposite_trend_state=True, enable_range_failure_exit=True, range_failure_adverse_move_ratio=0.28, enable_range_extreme_touch_entry=False, state=range, middle=153.06285, upper=153.19487011210418, lower=152.9308298878958, upper_3sigma=153.26088016815626, lower_3sigma=152.86481983184373, previous_upper=153.19264995881386, previous_lower=152.94985004118618, normalized_band_width=0.001725, latest_band_width=0.264040, distance_from_middle=0.000783, range_slope=-0.000197, trend_slope=-0.000183, trend_current_ma=153.04453333333333, latest_high=152.99, latest_low=152.932)",range,153.06285,153.19487011210418,152.9308298878958,0.0017250444781890077,-0.0001973536315682672,-0.00018338888724323682,153.04453333333333,0.0007830116844158158,"buy position closed because range recovery failed and adverse move resumed (entry_price=152.943, previous_close=152.923, latest_close=152.869, middle=152.9835, band_width=0.2636406645416969) (bollinger_period=20, bollinger_sigma=2.0, bollinger_extreme_sigma=3.0, range_ma_period=10, range_slope_lookback=5, range_slope_threshold=0.0005, range_band_width_threshold=0.003, range_middle_distance_threshold=0.002, trend_ma_period=15, trend_slope_lookback=2, trend_slope_threshold=0.0003, trend_price_position_filter_enabled=True, range_require_reentry_confirmation=True, trend_require_break_confirmation=True, exit_on_range_middle_band=True, close_on_opposite_trend_state=True, enable_range_failure_exit=True, range_failure_adverse_move_ratio=0.28, enable_range_extreme_touch_entry=False, state=range, middle=152.9835, upper=153.11532033227084, lower=152.85167966772914, upper_3sigma=153.18123049840628, lower_3sigma=152.7857695015937, previous_upper=153.11978052762913, previous_lower=152.86751947237087, normalized_band_width=0.001723, latest_band_width=0.263641, distance_from_middle=0.000748, range_slope=-0.000439, trend_slope=-0.000100, trend_current_ma=152.9750666666667, latest_high=152.928, latest_low=152.84)",range,152.9835,153.11532033227084,152.85167966772914,0.0017233274473501842,-0.000439423335340723,-9.979839851875721e-05,152.9750666666667,0.0007484467279150529,,,,,,,,,,,,,,,,,,,,,,,,,,,,,,,,,,,,,,6.699999999997885,10.300000000000864,8,range_failure_exit,3243,3251,1,0,5,5,6
legacy,,2026-02-17 09:35:00,2026-02-17 09:45:00,sell,152.955,153.017,-6.19999999999834,signal_close,T-0104,"range mean-reversion sell confirmed by reentry from outside upper band; previous_close=152.97, latest_close=152.955, previous_upper=152.959324281606, latest_upper=152.96551344690877; range because abs(range_slope)=0.000256 <= threshold=0.000500 and normalized_band_width=0.001113 <= threshold=0.003000 and distance_from_middle=0.000488 <= threshold=0.002000 (bollinger_period=20, bollinger_sigma=2.0, bollinger_extreme_sigma=3.0, range_ma_period=10, range_slope_lookback=5, range_slope_threshold=0.0005, range_band_width_threshold=0.003, range_middle_distance_threshold=0.002, trend_ma_period=15, trend_slope_lookback=2, trend_slope_threshold=0.0003, trend_price_position_filter_enabled=True, range_require_reentry_confirmation=True, trend_require_break_confirmation=True, exit_on_range_middle_band=True, close_on_opposite_trend_state=True, enable_range_failure_exit=True, range_failure_adverse_move_ratio=0.28, enable_range_extreme_touch_entry=False, state=range, middle=152.88045, upper=152.96551344690877, lower=152.79538655309122, upper_3sigma=153.00804517036315, lower_3sigma=152.75285482963685, previous_upper=152.959324281606, previous_lower=152.798375718394, normalized_band_width=0.001113, latest_band_width=0.170127, distance_from_middle=0.000488, range_slope=0.000256, trend_slope=0.000096, trend_current_ma=152.8871333333333, latest_high=152.983, latest_low=152.868)",range,152.88045,152.96551344690877,152.79538655309122,0.001112810001655235,0.00025570847925405723,9.636738561372839e-05,152.8871333333333,0.0004876359272883899,"sell position closed because range recovery failed and adverse move resumed (entry_price=152.955, previous_close=152.961, latest_close=153.017, middle=152.8917, band_width=0.21658845767956336) (bollinger_period=20, bollinger_sigma=2.0, bollinger_extreme_sigma=3.0, range_ma_period=10, range_slope_lookback=5, range_slope_threshold=0.0005, range_band_width_threshold=0.003, range_middle_distance_threshold=0.002, trend_ma_period=15, trend_slope_lookback=2, trend_slope_threshold=0.0003, trend_price_position_filter_enabled=True, range_require_reentry_confirmation=True, trend_require_break_confirmation=True, exit_on_range_middle_band=True, close_on_opposite_trend_state=True, enable_range_failure_exit=True, range_failure_adverse_move_ratio=0.28, enable_range_extreme_touch_entry=False, state=range, middle=152.8917, upper=152.99999422883977, lower=152.7834057711602, upper_3sigma=153.05414134325963, lower_3sigma=152.72925865674034, previous_upper=152.97682466970795, previous_lower=152.79327533029206, normalized_band_width=0.001417, latest_band_width=0.216588, distance_from_middle=0.000820, range_slope=0.000308, trend_slope=0.000126, trend_current_ma=152.9064, latest_high=153.022, latest_low=152.956)",range,152.8917,152.99999422883977,152.7834057711602,0.0014166135747039465,0.00030799572598712543,0.00012600301012044609,152.9064,0.0008195343501315635,,,,,,,,,,,,,,,,,,,,,,,,,,,,,,,,,,,,,,4.000000000002046,6.699999999997885,2,range_failure_exit,3270,3272,0,0,0,2,2
legacy,,2026-02-17 13:50:00,2026-02-17 14:45:00,sell,153.103,153.067,3.6000000000001364,signal_close,T-0105,"range mean-reversion sell confirmed by reentry from outside upper band; previous_close=153.103, latest_close=153.103, previous_upper=153.0911613261689, latest_upper=153.10622417125; range because abs(range_slope)=0.000259 <= threshold=0.000500 and normalized_band_width=0.001306 <= threshold=0.003000 and distance_from_middle=0.000632 <= threshold=0.002000 (bollinger_period=20, bollinger_sigma=2.0, bollinger_extreme_sigma=3.0, range_ma_period=10, range_slope_lookback=5, range_slope_threshold=0.0005, range_band_width_threshold=0.003, range_middle_distance_threshold=0.002, trend_ma_period=15, trend_slope_lookback=2, trend_slope_threshold=0.0003, trend_price_position_filter_enabled=True, range_require_reentry_confirmation=True, trend_require_break_confirmation=True, exit_on_range_middle_band=True, close_on_opposite_trend_state=True, enable_range_failure_exit=True, range_failure_adverse_move_ratio=0.28, enable_range_extreme_touch_entry=False, state=range, middle=153.0063, upper=153.10622417125, lower=152.90637582875001, upper_3sigma=153.15618625687503, lower_3sigma=152.856413743125, previous_upper=153.0911613261689, previous_lower=152.90573867383108, normalized_band_width=0.001306, latest_band_width=0.199848, distance_from_middle=0.000632, range_slope=0.000259, trend_slope=0.000077, trend_current_ma=153.01386666666667, latest_high=153.138, latest_low=153.099)",range,153.0063,153.10622417125,152.90637582875001,0.0013061445345713895,0.000259437106433139,7.71171937359636e-05,153.01386666666667,0.0006320001202564761,"sell position closed because range state returned to middle band: latest close 153.067 <= middle 153.06855000000002 (bollinger_period=20, bollinger_sigma=2.0, bollinger_extreme_sigma=3.0, range_ma_period=10, range_slope_lookback=5, range_slope_threshold=0.0005, range_band_width_threshold=0.003, range_middle_distance_threshold=0.002, trend_ma_period=15, trend_slope_lookback=2, trend_slope_threshold=0.0003, trend_price_position_filter_enabled=True, range_require_reentry_confirmation=True, trend_require_break_confirmation=True, exit_on_range_middle_band=True, close_on_opposite_trend_state=True, enable_range_failure_exit=True, range_failure_adverse_move_ratio=0.28, enable_range_extreme_touch_entry=False, state=range, middle=153.06855000000002, upper=153.17893383033763, lower=152.9581661696624, upper_3sigma=153.23412574550642, lower_3sigma=152.9029742544936, previous_upper=153.18163513075152, previous_lower=152.9462648692485, normalized_band_width=0.001442, latest_band_width=0.220768, distance_from_middle=0.000010, range_slope=0.000027, trend_slope=0.000072, trend_current_ma=153.0966, latest_high=153.109, latest_low=153.04)",range,153.06855000000002,153.17893383033763,152.9581661696624,0.0014422796889055364,2.7432924865773418e-05,7.185006068061395e-05,153.0966,1.012618202765246e-05,,,,,,,,,,,,,,,,,,,,,,,,,,,,,,,,,,,,,,6.30000000000166,5.19999999999925,11,middle_touch_exit,3321,3332,3,2,4,10,10
legacy,,2026-02-17 15:15:00,2026-02-17 15:30:00,buy,153.103,153.091,-1.2000000000000455,signal_close,T-0106,"range mean-reversion buy confirmed by reentry from outside lower band; previous_close=153.009, latest_close=153.103, previous_lower=153.01763953042195, latest_lower=153.0236473059212; range because abs(range_slope)=0.000172 <= threshold=0.000500 and normalized_band_width=0.000824 <= threshold=0.003000 and distance_from_middle=0.000106 <= threshold=0.002000 (bollinger_period=20, bollinger_sigma=2.0, bollinger_extreme_sigma=3.0, range_ma_period=10, range_slope_lookback=5, range_slope_threshold=0.0005, range_band_width_threshold=0.003, range_middle_distance_threshold=0.002, trend_ma_period=15, trend_slope_lookback=2, trend_slope_threshold=0.0003, trend_price_position_filter_enabled=True, range_require_reentry_confirmation=True, trend_require_break_confirmation=True, exit_on_range_middle_band=True, close_on_opposite_trend_state=True, enable_range_failure_exit=True, range_failure_adverse_move_ratio=0.28, enable_range_extreme_touch_entry=False, state=range, middle=153.08675, upper=153.1498526940788, lower=153.0236473059212, upper_3sigma=153.18140404111818, lower_3sigma=152.9920959588818, previous_upper=153.14946046957806, previous_lower=153.01763953042195, normalized_band_width=0.000824, latest_band_width=0.126205, distance_from_middle=0.000106, range_slope=-0.000172, trend_slope=-0.000048, trend_current_ma=153.0808, latest_high=153.119, latest_low=153.009)",range,153.08675,153.1498526940788,153.0236473059212,0.0008244043861247734,-0.00017181816281319526,-4.834048424093589e-05,153.0808,0.00010614896455776638,"buy position closed because range state returned to middle band: latest close 153.091 >= middle 153.0839 (bollinger_period=20, bollinger_sigma=2.0, bollinger_extreme_sigma=3.0, range_ma_period=10, range_slope_lookback=5, range_slope_threshold=0.0005, range_band_width_threshold=0.003, range_middle_distance_threshold=0.002, trend_ma_period=15, trend_slope_lookback=2, trend_slope_threshold=0.0003, trend_price_position_filter_enabled=True, range_require_reentry_confirmation=True, trend_require_break_confirmation=True, exit_on_range_middle_band=True, close_on_opposite_trend_state=True, enable_range_failure_exit=True, range_failure_adverse_move_ratio=0.28, enable_range_extreme_touch_entry=False, state=range, middle=153.0839, upper=153.1463304412927, lower=153.0214695587073, upper_3sigma=153.17754566193906, lower_3sigma=152.99025433806094, previous_upper=153.14742058486695, previous_lower=153.02157941513303, normalized_band_width=0.000816, latest_band_width=0.124861, distance_from_middle=0.000046, range_slope=-0.000123, trend_slope=-0.000007, trend_current_ma=153.0786, latest_high=153.102, latest_low=153.055)",range,153.0839,153.1463304412927,153.0214695587073,0.0008156369323317524,-0.00012347816429130482,-7.403603987379911e-06,153.0786,4.637979565459413e-05,,,,,,,,,,,,,,,,,,,,,,,,,,,,,,,,,,,,,,1.2000000000000455,8.00000000000125,3,middle_touch_exit,3338,3341,0,0,0,0,0
legacy,,2026-02-17 15:50:00,2026-02-17 16:35:00,sell,153.243,153.44299999999998,-19.999999999998863,sl_hit,T-0107,"range mean-reversion sell confirmed by reentry from outside upper band; previous_close=153.287, latest_close=153.243, previous_upper=153.2241236328442, latest_upper=153.24646982428106; range because abs(range_slope)=0.000430 <= threshold=0.000500 and normalized_band_width=0.001799 <= threshold=0.003000 and distance_from_middle=0.000877 <= threshold=0.002000 (bollinger_period=20, bollinger_sigma=2.0, bollinger_extreme_sigma=3.0, range_ma_period=10, range_slope_lookback=5, range_slope_threshold=0.0005, range_band_width_threshold=0.003, range_middle_distance_threshold=0.002, trend_ma_period=15, trend_slope_lookback=2, trend_slope_threshold=0.0003, trend_price_position_filter_enabled=True, range_require_reentry_confirmation=True, trend_require_break_confirmation=True, exit_on_range_middle_band=True, close_on_opposite_trend_state=True, enable_range_failure_exit=True, range_failure_adverse_move_ratio=0.28, enable_range_extreme_touch_entry=False, state=range, middle=153.10875000000001, upper=153.24646982428106, lower=152.97103017571897, upper_3sigma=153.31532973642157, lower_3sigma=152.90217026357845, previous_upper=153.2241236328442, previous_lower=152.9749763671558, normalized_band_width=0.001799, latest_band_width=0.275440, distance_from_middle=0.000877, range_slope=0.000430, trend_slope=0.000145, trend_current_ma=153.10739999999998, latest_high=153.359, latest_low=153.224)",range,153.10875000000001,153.24646982428106,152.97103017571897,0.00179898045384146,0.00043035273251128243,0.0001449962575290156,153.10739999999998,0.0008768277449850529,,,,,,,,,,,,,,,,,,,,,,,,,,,,,,,,,,,,,,,,,,,,,,,,1.2000000000000455,22.30000000000132,9,,3345,3354,6,0,8,8,8
legacy,,2026-02-17 17:30:00,2026-02-17 18:20:00,buy,153.814,153.614,-19.999999999998863,sl_hit,T-0108,"trend-follow buy confirmed by upper band breakout; previous_close=153.67, latest_close=153.814, previous_upper=153.68230096827165, latest_upper=153.7437368465656; trend_up because trend_slope=0.000336 > threshold=0.000300 and latest_close=153.814 >= trend_ma=153.512 (bollinger_period=20, bollinger_sigma=2.0, bollinger_extreme_sigma=3.0, range_ma_period=10, range_slope_lookback=5, range_slope_threshold=0.0005, range_band_width_threshold=0.003, range_middle_distance_threshold=0.002, trend_ma_period=15, trend_slope_lookback=2, trend_slope_threshold=0.0003, trend_price_position_filter_enabled=True, range_require_reentry_confirmation=True, trend_require_break_confirmation=True, exit_on_range_middle_band=True, close_on_opposite_trend_state=True, enable_range_failure_exit=True, range_failure_adverse_move_ratio=0.28, enable_range_extreme_touch_entry=False, state=trend_up, middle=153.46814999999998, upper=153.7437368465656, lower=153.19256315343435, upper_3sigma=153.88153026984844, lower_3sigma=153.05476973015152, previous_upper=153.68230096827165, previous_lower=153.19689903172832, normalized_band_width=0.003591, latest_band_width=0.551174, distance_from_middle=0.002254, range_slope=0.000887, trend_slope=0.000336, trend_current_ma=153.512, latest_high=153.821, latest_low=153.618)",trend_up,153.46814999999998,153.7437368465656,153.19256315343435,0.0035914532958875264,0.0008868902385422332,0.00033613007452191123,153.512,0.0022535620583164187,,,,,,,,,,,,,,,,,,,,,,,,,,,,,,,,,,,,,,,,,,,,,,,,7.900000000000773,20.39999999999793,10,,3365,3375,8,9,6,6,9
legacy,,2026-02-17 20:20:00,2026-02-17 20:45:00,buy,153.359,153.281,-7.800000000000296,signal_close,T-0109,"range mean-reversion buy confirmed by reentry from outside lower band; previous_close=153.354, latest_close=153.359, previous_lower=153.3635741758658, latest_lower=153.35070443789536; range because abs(range_slope)=0.000233 <= threshold=0.000500 and normalized_band_width=0.001252 <= threshold=0.003000 and distance_from_middle=0.000572 <= threshold=0.002000 (bollinger_period=20, bollinger_sigma=2.0, bollinger_extreme_sigma=3.0, range_ma_period=10, range_slope_lookback=5, range_slope_threshold=0.0005, range_band_width_threshold=0.003, range_middle_distance_threshold=0.002, trend_ma_period=15, trend_slope_lookback=2, trend_slope_threshold=0.0003, trend_price_position_filter_enabled=True, range_require_reentry_confirmation=True, trend_require_break_confirmation=True, exit_on_range_middle_band=True, close_on_opposite_trend_state=True, enable_range_failure_exit=True, range_failure_adverse_move_ratio=0.28, enable_range_extreme_touch_entry=False, state=range, middle=153.44675, upper=153.54279556210466, lower=153.35070443789536, upper_3sigma=153.590818343157, lower_3sigma=153.30268165684302, previous_upper=153.54482582413416, previous_lower=153.3635741758658, normalized_band_width=0.001252, latest_band_width=0.192091, distance_from_middle=0.000572, range_slope=-0.000233, trend_slope=-0.000109, trend_current_ma=153.4274, latest_high=153.369, latest_low=153.34)",range,153.44675,153.54279556210466,153.35070443789536,0.0012518422463121466,-0.00023335473504782614,-0.00010906352667985241,153.4274,0.0005718596190535138,"buy position closed because range recovery failed and adverse move resumed (entry_price=153.359, previous_close=153.3, latest_close=153.281, middle=153.39985, band_width=0.2345626568744592) (bollinger_period=20, bollinger_sigma=2.0, bollinger_extreme_sigma=3.0, range_ma_period=10, range_slope_lookback=5, range_slope_threshold=0.0005, range_band_width_threshold=0.003, range_middle_distance_threshold=0.002, trend_ma_period=15, trend_slope_lookback=2, trend_slope_threshold=0.0003, trend_price_position_filter_enabled=True, range_require_reentry_confirmation=True, trend_require_break_confirmation=True, exit_on_range_middle_band=True, close_on_opposite_trend_state=True, enable_range_failure_exit=True, range_failure_adverse_move_ratio=0.28, enable_range_extreme_touch_entry=False, state=range, middle=153.39985, upper=153.51713132843722, lower=153.28256867156276, upper_3sigma=153.5757719926558, lower_3sigma=153.22392800734417, previous_upper=153.51511141217566, previous_lower=153.30238858782434, normalized_band_width=0.001529, latest_band_width=0.234563, distance_from_middle=0.000775, range_slope=-0.000425, trend_slope=-0.000150, trend_current_ma=153.38206666666667, latest_high=153.311, latest_low=153.273)",range,153.39985,153.51713132843722,153.28256867156276,0.0015290931306286104,-0.00042452073500125236,-0.00014995234123413038,153.38206666666667,0.0007747725959313558,,,,,,,,,,,,,,,,,,,,,,,,,,,,,,,,,,,,,,0.10000000000047748,8.600000000001273,5,range_failure_exit,3399,3404,4,5,0,5,5
legacy,,2026-02-17 20:50:00,2026-02-17 21:30:00,buy,153.323,153.351,2.7999999999991587,signal_close,T-0110,"range mean-reversion buy confirmed by reentry from outside lower band; previous_close=153.281, latest_close=153.323, previous_lower=153.28256867156276, latest_lower=153.2746377436611; range because abs(range_slope)=0.000406 <= threshold=0.000500 and normalized_band_width=0.001543 <= threshold=0.003000 and distance_from_middle=0.000456 <= threshold=0.002000 (bollinger_period=20, bollinger_sigma=2.0, bollinger_extreme_sigma=3.0, range_ma_period=10, range_slope_lookback=5, range_slope_threshold=0.0005, range_band_width_threshold=0.003, range_middle_distance_threshold=0.002, trend_ma_period=15, trend_slope_lookback=2, trend_slope_threshold=0.0003, trend_price_position_filter_enabled=True, range_require_reentry_confirmation=True, trend_require_break_confirmation=True, exit_on_range_middle_band=True, close_on_opposite_trend_state=True, enable_range_failure_exit=True, range_failure_adverse_move_ratio=0.28, enable_range_extreme_touch_entry=False, state=range, middle=153.39294999999998, upper=153.51126225633888, lower=153.2746377436611, upper_3sigma=153.57041838450832, lower_3sigma=153.21548161549165, previous_upper=153.51713132843722, previous_lower=153.28256867156276, normalized_band_width=0.001543, latest_band_width=0.236625, distance_from_middle=0.000456, range_slope=-0.000406, trend_slope=-0.000138, trend_current_ma=153.37373333333335, latest_high=153.324, latest_low=153.273)",range,153.39294999999998,153.51126225633888,153.2746377436611,0.0015426035725748324,-0.00040628694814587307,-0.00013822445042736495,153.37373333333335,0.0004560183502564969,"buy position closed because range state returned to middle band: latest close 153.351 >= middle 153.3383 (bollinger_period=20, bollinger_sigma=2.0, bollinger_extreme_sigma=3.0, range_ma_period=10, range_slope_lookback=5, range_slope_threshold=0.0005, range_band_width_threshold=0.003, range_middle_distance_threshold=0.002, trend_ma_period=15, trend_slope_lookback=2, trend_slope_threshold=0.0003, trend_price_position_filter_enabled=True, range_require_reentry_confirmation=True, trend_require_break_confirmation=True, exit_on_range_middle_band=True, close_on_opposite_trend_state=True, enable_range_failure_exit=True, range_failure_adverse_move_ratio=0.28, enable_range_extreme_touch_entry=False, state=range, middle=153.3383, upper=153.4253335567468, lower=153.2512664432532, upper_3sigma=153.4688503351202, lower_3sigma=153.2077496648798, previous_upper=153.44063169220658, previous_lower=153.24496830779344, normalized_band_width=0.001135, latest_band_width=0.174067, distance_from_middle=0.000083, range_slope=-0.000037, trend_slope=-0.000020, trend_current_ma=153.31853333333336, latest_high=153.356, latest_low=153.323)",range,153.3383,153.4253335567468,153.2512664432532,0.0011351835353177026,-3.7179231290162964e-05,-1.9567106042131982e-05,153.31853333333336,8.282340419839837e-05,,,,,,,,,,,,,,,,,,,,,,,,,,,,,,,,,,,,,,3.299999999998704,5.89999999999975,8,middle_touch_exit,3405,3413,4,7,2,5,7
legacy,,2026-02-17 22:05:00,2026-02-17 23:20:00,buy,153.216,153.243,2.6999999999986812,signal_close,T-0111,"range mean-reversion buy confirmed by reentry from outside lower band; previous_close=153.182, latest_close=153.216, previous_lower=153.21728838186235, latest_lower=153.2043352386169; range because abs(range_slope)=0.000200 <= threshold=0.000500 and normalized_band_width=0.001236 <= threshold=0.003000 and distance_from_middle=0.000542 <= threshold=0.002000 (bollinger_period=20, bollinger_sigma=2.0, bollinger_extreme_sigma=3.0, range_ma_period=10, range_slope_lookback=5, range_slope_threshold=0.0005, range_band_width_threshold=0.003, range_middle_distance_threshold=0.002, trend_ma_period=15, trend_slope_lookback=2, trend_slope_threshold=0.0003, trend_price_position_filter_enabled=True, range_require_reentry_confirmation=True, trend_require_break_confirmation=True, exit_on_range_middle_band=True, close_on_opposite_trend_state=True, enable_range_failure_exit=True, range_failure_adverse_move_ratio=0.28, enable_range_extreme_touch_entry=False, state=range, middle=153.2991, upper=153.39386476138313, lower=153.2043352386169, upper_3sigma=153.4412471420747, lower_3sigma=153.15695285792532, previous_upper=153.39181161813767, previous_lower=153.21728838186235, normalized_band_width=0.001236, latest_band_width=0.189530, distance_from_middle=0.000542, range_slope=-0.000200, trend_slope=-0.000090, trend_current_ma=153.2932, latest_high=153.219, latest_low=153.182)",range,153.2991,153.39386476138313,153.2043352386169,0.0012363381309233772,-0.00019962228332659859,-8.958866625072778e-05,153.2932,0.0005420775464435324,"buy position closed because range state returned to middle band: latest close 153.243 >= middle 153.232 (bollinger_period=20, bollinger_sigma=2.0, bollinger_extreme_sigma=3.0, range_ma_period=10, range_slope_lookback=5, range_slope_threshold=0.0005, range_band_width_threshold=0.003, range_middle_distance_threshold=0.002, trend_ma_period=15, trend_slope_lookback=2, trend_slope_threshold=0.0003, trend_price_position_filter_enabled=True, range_require_reentry_confirmation=True, trend_require_break_confirmation=True, exit_on_range_middle_band=True, close_on_opposite_trend_state=True, enable_range_failure_exit=True, range_failure_adverse_move_ratio=0.28, enable_range_extreme_touch_entry=False, state=range, middle=153.232, upper=153.288, lower=153.176, upper_3sigma=153.316, lower_3sigma=153.148, previous_upper=153.31584627310372, previous_lower=153.15955372689626, normalized_band_width=0.000731, latest_band_width=0.112000, distance_from_middle=0.000072, range_slope=-0.000057, trend_slope=0.000030, trend_current_ma=153.22953333333334, latest_high=153.243, latest_low=153.221)",range,153.232,153.288,153.176,0.0007309178239533726,-5.677917209443742e-05,3.0020322453138464e-05,153.22953333333334,7.178657199537746e-05,,,,,,,,,,,,,,,,,,,,,,,,,,,,,,,,,,,,,,5.099999999998772,2.2999999999996135,15,middle_touch_exit,3420,3435,0,5,5,9,14
legacy,,2026-02-18 00:10:00,2026-02-18 00:50:00,buy,153.188,153.218,3.0000000000001137,signal_close,T-0112,"range mean-reversion buy confirmed by reentry from outside lower band; previous_close=153.162, latest_close=153.188, previous_lower=153.17434968487498, latest_lower=153.17060425715295; range because abs(range_slope)=0.000057 <= threshold=0.000500 and normalized_band_width=0.000632 <= threshold=0.003000 and distance_from_middle=0.000203 <= threshold=0.002000 (bollinger_period=20, bollinger_sigma=2.0, bollinger_extreme_sigma=3.0, range_ma_period=10, range_slope_lookback=5, range_slope_threshold=0.0005, range_band_width_threshold=0.003, range_middle_distance_threshold=0.002, trend_ma_period=15, trend_slope_lookback=2, trend_slope_threshold=0.0003, trend_price_position_filter_enabled=True, range_require_reentry_confirmation=True, trend_require_break_confirmation=True, exit_on_range_middle_band=True, close_on_opposite_trend_state=True, enable_range_failure_exit=True, range_failure_adverse_move_ratio=0.28, enable_range_extreme_touch_entry=False, state=range, middle=153.21904999999998, upper=153.26749574284702, lower=153.17060425715295, upper_3sigma=153.2917186142705, lower_3sigma=153.14638138572946, previous_upper=153.269550315125, previous_lower=153.17434968487498, normalized_band_width=0.000632, latest_band_width=0.096891, distance_from_middle=0.000203, range_slope=-0.000057, trend_slope=-0.000040, trend_current_ma=153.21846666666667, latest_high=153.193, latest_low=153.164)",range,153.21904999999998,153.26749574284702,153.17060425715295,0.000632372317241706,-5.6782470272448776e-05,-3.959487912033084e-05,153.21846666666667,0.000202651041107443,"buy position closed because range state returned to middle band: latest close 153.218 >= middle 153.20905 (bollinger_period=20, bollinger_sigma=2.0, bollinger_extreme_sigma=3.0, range_ma_period=10, range_slope_lookback=5, range_slope_threshold=0.0005, range_band_width_threshold=0.003, range_middle_distance_threshold=0.002, trend_ma_period=15, trend_slope_lookback=2, trend_slope_threshold=0.0003, trend_price_position_filter_enabled=True, range_require_reentry_confirmation=True, trend_require_break_confirmation=True, exit_on_range_middle_band=True, close_on_opposite_trend_state=True, enable_range_failure_exit=True, range_failure_adverse_move_ratio=0.28, enable_range_extreme_touch_entry=False, state=range, middle=153.20905, upper=153.2580172339427, lower=153.1600827660573, upper_3sigma=153.28250085091406, lower_3sigma=153.13559914908592, previous_upper=153.25739508171935, previous_lower=153.15980491828063, normalized_band_width=0.000639, latest_band_width=0.097934, distance_from_middle=0.000058, range_slope=-0.000076, trend_slope=-0.000021, trend_current_ma=153.20333333333335, latest_high=153.219, latest_low=153.188)",range,153.20905,153.2580172339427,153.1600827660573,0.0006392211679754496,-7.572117895256182e-05,-2.088727399311944e-05,153.20333333333335,5.841691466658583e-05,,,,,,,,,,,,,,,,,,,,,,,,,,,,,,,,,,,,,,3.100000000000591,1.2000000000000455,8,middle_touch_exit,3444,3452,0,0,6,1,6
legacy,,2026-02-18 01:50:00,2026-02-18 01:55:00,buy,153.171,153.099,-7.200000000000273,signal_close,T-0113,"range mean-reversion buy confirmed by reentry from outside lower band; previous_close=153.134, latest_close=153.171, previous_lower=153.15271115292825, latest_lower=153.15008534518228; range because abs(range_slope)=0.000028 <= threshold=0.000500 and normalized_band_width=0.000780 <= threshold=0.003000 and distance_from_middle=0.000253 <= threshold=0.002000 (bollinger_period=20, bollinger_sigma=2.0, bollinger_extreme_sigma=3.0, range_ma_period=10, range_slope_lookback=5, range_slope_threshold=0.0005, range_band_width_threshold=0.003, range_middle_distance_threshold=0.002, trend_ma_period=15, trend_slope_lookback=2, trend_slope_threshold=0.0003, trend_price_position_filter_enabled=True, range_require_reentry_confirmation=True, trend_require_break_confirmation=True, exit_on_range_middle_band=True, close_on_opposite_trend_state=True, enable_range_failure_exit=True, range_failure_adverse_move_ratio=0.28, enable_range_extreme_touch_entry=False, state=range, middle=153.2098, upper=153.26951465481773, lower=153.15008534518228, upper_3sigma=153.2993719822266, lower_3sigma=153.1202280177734, previous_upper=153.26858884707173, previous_lower=153.15271115292825, normalized_band_width=0.000780, latest_band_width=0.119429, distance_from_middle=0.000253, range_slope=0.000028, trend_slope=-0.000038, trend_current_ma=153.21439999999998, latest_high=153.186, latest_low=153.092)",range,153.2098,153.26951465481773,153.15008534518228,0.0007795148197794786,2.80642763301916e-05,-3.78554496184563e-05,153.21439999999998,0.0002532475076660178,"buy position closed because range recovery failed and adverse move resumed (entry_price=153.171, previous_close=153.171, latest_close=153.099, middle=153.2052, band_width=0.15317754404611605) (bollinger_period=20, bollinger_sigma=2.0, bollinger_extreme_sigma=3.0, range_ma_period=10, range_slope_lookback=5, range_slope_threshold=0.0005, range_band_width_threshold=0.003, range_middle_distance_threshold=0.002, trend_ma_period=15, trend_slope_lookback=2, trend_slope_threshold=0.0003, trend_price_position_filter_enabled=True, range_require_reentry_confirmation=True, trend_require_break_confirmation=True, exit_on_range_middle_band=True, close_on_opposite_trend_state=True, enable_range_failure_exit=True, range_failure_adverse_move_ratio=0.28, enable_range_extreme_touch_entry=False, state=range, middle=153.2052, upper=153.28178877202305, lower=153.12861122797693, upper_3sigma=153.32008315803458, lower_3sigma=153.0903168419654, previous_upper=153.26951465481773, previous_lower=153.15008534518228, normalized_band_width=0.001000, latest_band_width=0.153178, distance_from_middle=0.000693, range_slope=-0.000070, trend_slope=-0.000055, trend_current_ma=153.20780000000002, latest_high=153.181, latest_low=153.092)",range,153.2052,153.28178877202305,153.12861122797693,0.0009998194842349743,-7.049148227933858e-05,-5.4827495727803745e-05,153.20780000000002,0.0006931879596776166,,,,,,,,,,,,,,,,,,,,,,,,,,,,,,,,,,,,,,1.0000000000019327,7.899999999997931,1,range_failure_exit,3464,3465,0,0,1,0,1
legacy,,2026-02-18 02:05:00,2026-02-18 02:15:00,buy,153.1,153.213,11.299999999999955,signal_close,T-0114,"range mean-reversion buy confirmed by reentry from outside lower band; previous_close=153.076, latest_close=153.1, previous_lower=153.10364612054207, latest_lower=153.08980005989457; range because abs(range_slope)=0.000317 <= threshold=0.000500 and normalized_band_width=0.001362 <= threshold=0.003000 and distance_from_middle=0.000615 <= threshold=0.002000 (bollinger_period=20, bollinger_sigma=2.0, bollinger_extreme_sigma=3.0, range_ma_period=10, range_slope_lookback=5, range_slope_threshold=0.0005, range_band_width_threshold=0.003, range_middle_distance_threshold=0.002, trend_ma_period=15, trend_slope_lookback=2, trend_slope_threshold=0.0003, trend_price_position_filter_enabled=True, range_require_reentry_confirmation=True, trend_require_break_confirmation=True, exit_on_range_middle_band=True, close_on_opposite_trend_state=True, enable_range_failure_exit=True, range_failure_adverse_move_ratio=0.28, enable_range_extreme_touch_entry=False, state=range, middle=153.19414999999998, upper=153.2984999401054, lower=153.08980005989457, upper_3sigma=153.3506749101581, lower_3sigma=153.03762508984187, previous_upper=153.29375387945794, previous_lower=153.10364612054207, normalized_band_width=0.001362, latest_band_width=0.208700, distance_from_middle=0.000615, range_slope=-0.000317, trend_slope=-0.000101, trend_current_ma=153.19233333333332, latest_high=153.14, latest_low=153.062)",range,153.19414999999998,153.2984999401054,153.08980005989457,0.0013623227793673294,-0.00031661683487628066,-0.00010096240673508643,153.19233333333332,0.0006145796037249782,"buy position closed because range state returned to middle band: latest close 153.213 >= middle 153.1925 (bollinger_period=20, bollinger_sigma=2.0, bollinger_extreme_sigma=3.0, range_ma_period=10, range_slope_lookback=5, range_slope_threshold=0.0005, range_band_width_threshold=0.003, range_middle_distance_threshold=0.002, trend_ma_period=15, trend_slope_lookback=2, trend_slope_threshold=0.0003, trend_price_position_filter_enabled=True, range_require_reentry_confirmation=True, trend_require_break_confirmation=True, exit_on_range_middle_band=True, close_on_opposite_trend_state=True, enable_range_failure_exit=True, range_failure_adverse_move_ratio=0.28, enable_range_extreme_touch_entry=False, state=range, middle=153.1925, upper=153.2993166653664, lower=153.0856833346336, upper_3sigma=153.35272499804964, lower_3sigma=153.03227500195035, previous_upper=153.29819035888704, previous_lower=153.08530964111299, normalized_band_width=0.001395, latest_band_width=0.213633, distance_from_middle=0.000134, range_slope=-0.000327, trend_slope=-0.000024, trend_current_ma=153.18873333333335, latest_high=153.213, latest_low=153.141)",range,153.1925,153.2993166653664,153.0856833346336,0.0013945417088487926,-0.0003270884039653736,-2.3500422789866175e-05,153.18873333333335,0.00013381856161364563,,,,,,,,,,,,,,,,,,,,,,,,,,,,,,,,,,,,,,11.299999999999955,4.699999999999704,2,middle_touch_exit,3467,3469,0,0,2,2,2
legacy,,2026-02-18 03:25:00,2026-02-18 04:05:00,sell,153.332,153.53199999999998,-19.999999999998863,sl_hit,T-0115,"range mean-reversion sell confirmed by reentry from outside upper band; previous_close=153.361, latest_close=153.332, previous_upper=153.34923504237548, latest_upper=153.36891529241478; range because abs(range_slope)=0.000410 <= threshold=0.000500 and normalized_band_width=0.002250 <= threshold=0.003000 and distance_from_middle=0.000884 <= threshold=0.002000 (bollinger_period=20, bollinger_sigma=2.0, bollinger_extreme_sigma=3.0, range_ma_period=10, range_slope_lookback=5, range_slope_threshold=0.0005, range_band_width_threshold=0.003, range_middle_distance_threshold=0.002, trend_ma_period=15, trend_slope_lookback=2, trend_slope_threshold=0.0003, trend_price_position_filter_enabled=True, range_require_reentry_confirmation=True, trend_require_break_confirmation=True, exit_on_range_middle_band=True, close_on_opposite_trend_state=True, enable_range_failure_exit=True, range_failure_adverse_move_ratio=0.28, enable_range_extreme_touch_entry=False, state=range, middle=153.1966, upper=153.36891529241478, lower=153.0242847075852, upper_3sigma=153.4550729386222, lower_3sigma=152.93812706137777, previous_upper=153.34923504237548, previous_lower=153.02416495762452, normalized_band_width=0.002250, latest_band_width=0.344631, distance_from_middle=0.000884, range_slope=0.000410, trend_slope=0.000194, trend_current_ma=153.22266666666667, latest_high=153.361, latest_low=153.314)",range,153.1966,153.36891529241478,153.0242847075852,0.0022495968241435377,0.0004098192162142882,0.00019448819582825754,153.22266666666667,0.0008838316255060765,,,,,,,,,,,,,,,,,,,,,,,,,,,,,,,,,,,,,,,,,,,,,,,,0.49999999999954525,20.400000000000773,8,,3483,3491,6,0,7,7,7
legacy,,2026-02-18 04:15:00,2026-02-18 04:50:00,buy,153.634,153.501,-13.299999999998136,signal_close,T-0116,"trend-follow buy confirmed by upper band breakout; previous_close=153.567, latest_close=153.634, previous_upper=153.58493543946983, latest_upper=153.62937991381148; trend_up because trend_slope=0.000344 > threshold=0.000300 and latest_close=153.634 >= trend_ma=153.4116 (bollinger_period=20, bollinger_sigma=2.0, bollinger_extreme_sigma=3.0, range_ma_period=10, range_slope_lookback=5, range_slope_threshold=0.0005, range_band_width_threshold=0.003, range_middle_distance_threshold=0.002, trend_ma_period=15, trend_slope_lookback=2, trend_slope_threshold=0.0003, trend_price_position_filter_enabled=True, range_require_reentry_confirmation=True, trend_require_break_confirmation=True, exit_on_range_middle_band=True, close_on_opposite_trend_state=True, enable_range_failure_exit=True, range_failure_adverse_move_ratio=0.28, enable_range_extreme_touch_entry=False, state=trend_up, middle=153.34859999999998, upper=153.62937991381148, lower=153.06782008618848, upper_3sigma=153.76976987071725, lower_3sigma=152.9274301292827, previous_upper=153.58493543946983, previous_lower=153.06436456053015, normalized_band_width=0.003662, latest_band_width=0.561560, distance_from_middle=0.001861, range_slope=0.000647, trend_slope=0.000344, trend_current_ma=153.4116, latest_high=153.651, latest_low=153.54)",trend_up,153.34859999999998,153.62937991381148,153.06782008618848,0.0036619820958456767,0.0006470787943872887,0.0003441721486510188,153.4116,0.0018611190451038348,"buy position closed because range state returned to middle band: latest close 153.501 >= middle 153.48145 (bollinger_period=20, bollinger_sigma=2.0, bollinger_extreme_sigma=3.0, range_ma_period=10, range_slope_lookback=5, range_slope_threshold=0.0005, range_band_width_threshold=0.003, range_middle_distance_threshold=0.002, trend_ma_period=15, trend_slope_lookback=2, trend_slope_threshold=0.0003, trend_price_position_filter_enabled=True, range_require_reentry_confirmation=True, trend_require_break_confirmation=True, exit_on_range_middle_band=True, close_on_opposite_trend_state=True, enable_range_failure_exit=True, range_failure_adverse_move_ratio=0.28, enable_range_extreme_touch_entry=False, state=range, middle=153.48145, upper=153.67283597127272, lower=153.29006402872727, upper_3sigma=153.76852895690905, lower_3sigma=153.19437104309094, previous_upper=153.6772182075669, previous_lower=153.2663817924331, normalized_band_width=0.002494, latest_band_width=0.382772, distance_from_middle=0.000127, range_slope=0.000434, trend_slope=0.000114, trend_current_ma=153.51986666666664, latest_high=153.529, latest_low=153.496)",range,153.48145,153.67283597127272,153.29006402872727,0.0024939296738820628,0.00043433103578508305,0.00011377463416232978,153.51986666666664,0.00012737695662902261,,,,,,,,,,,,,,,,,,,,,,,,,,,,,,,,,,,,,,3.8000000000010914,13.79999999999768,7,middle_touch_exit,3493,3500,6,7,2,3,7
legacy,,2026-02-18 08:00:00,2026-02-18 08:45:00,buy,153.462,153.395,-6.699999999997885,signal_close,T-0117,"range mean-reversion buy confirmed by reentry from outside lower band; previous_close=153.427, latest_close=153.462, previous_lower=153.46502534921638, latest_lower=153.45507179996684; range because abs(range_slope)=0.000243 <= threshold=0.000500 and normalized_band_width=0.000935 <= threshold=0.003000 and distance_from_middle=0.000422 <= threshold=0.002000 (bollinger_period=20, bollinger_sigma=2.0, bollinger_extreme_sigma=3.0, range_ma_period=10, range_slope_lookback=5, range_slope_threshold=0.0005, range_band_width_threshold=0.003, range_middle_distance_threshold=0.002, trend_ma_period=15, trend_slope_lookback=2, trend_slope_threshold=0.0003, trend_price_position_filter_enabled=True, range_require_reentry_confirmation=True, trend_require_break_confirmation=True, exit_on_range_middle_band=True, close_on_opposite_trend_state=True, enable_range_failure_exit=True, range_failure_adverse_move_ratio=0.28, enable_range_extreme_touch_entry=False, state=range, middle=153.52685, upper=153.59862820003315, lower=153.45507179996684, upper_3sigma=153.63451730004974, lower_3sigma=153.41918269995026, previous_upper=153.59567465078362, previous_lower=153.46502534921638, normalized_band_width=0.000935, latest_band_width=0.143556, distance_from_middle=0.000422, range_slope=-0.000243, trend_slope=-0.000075, trend_current_ma=153.52759999999998, latest_high=153.479, latest_low=153.42)",range,153.52685,153.59862820003315,153.45507179996684,0.0009350572884567234,-0.0002429794887530208,-7.512221472456235e-05,153.52759999999998,0.0004224016841354262,"buy position closed because range recovery failed and adverse move resumed (entry_price=153.462, previous_close=153.425, latest_close=153.395, middle=153.47514999999999, band_width=0.21004485235300763) (bollinger_period=20, bollinger_sigma=2.0, bollinger_extreme_sigma=3.0, range_ma_period=10, range_slope_lookback=5, range_slope_threshold=0.0005, range_band_width_threshold=0.003, range_middle_distance_threshold=0.002, trend_ma_period=15, trend_slope_lookback=2, trend_slope_threshold=0.0003, trend_price_position_filter_enabled=True, range_require_reentry_confirmation=True, trend_require_break_confirmation=True, exit_on_range_middle_band=True, close_on_opposite_trend_state=True, enable_range_failure_exit=True, range_failure_adverse_move_ratio=0.28, enable_range_extreme_touch_entry=False, state=range, middle=153.47514999999999, upper=153.5801724261765, lower=153.37012757382348, upper_3sigma=153.63268363926474, lower_3sigma=153.31761636073523, previous_upper=153.58948746377882, previous_lower=153.37811253622118, normalized_band_width=0.001369, latest_band_width=0.210045, distance_from_middle=0.000522, range_slope=-0.000250, trend_slope=-0.000113, trend_current_ma=153.45613333333333, latest_high=153.447, latest_low=153.392)",range,153.47514999999999,153.5801724261765,153.37012757382348,0.001368591933958088,-0.0002496218196843584,-0.00011295301762679828,153.45613333333333,0.0005222343812661194,,,,,,,,,,,,,,,,,,,,,,,,,,,,,,,,,,,,,,3.500000000002501,8.699999999998909,9,range_failure_exit,3538,3547,7,0,9,7,9
legacy,,2026-02-18 09:20:00,2026-02-18 10:20:00,sell,153.54,153.658,-11.7999999999995,signal_close,T-0118,"range mean-reversion sell confirmed by reentry from outside upper band; previous_close=153.543, latest_close=153.54, previous_upper=153.54053905827823, latest_upper=153.5402888629316; range because abs(range_slope)=0.000220 <= threshold=0.000500 and normalized_band_width=0.001147 <= threshold=0.003000 and distance_from_middle=0.000572 <= threshold=0.002000 (bollinger_period=20, bollinger_sigma=2.0, bollinger_extreme_sigma=3.0, range_ma_period=10, range_slope_lookback=5, range_slope_threshold=0.0005, range_band_width_threshold=0.003, range_middle_distance_threshold=0.002, trend_ma_period=15, trend_slope_lookback=2, trend_slope_threshold=0.0003, trend_price_position_filter_enabled=True, range_require_reentry_confirmation=True, trend_require_break_confirmation=True, exit_on_range_middle_band=True, close_on_opposite_trend_state=True, enable_range_failure_exit=True, range_failure_adverse_move_ratio=0.28, enable_range_extreme_touch_entry=False, state=range, middle=153.45229999999998, upper=153.5402888629316, lower=153.36431113706837, upper_3sigma=153.5842832943974, lower_3sigma=153.32031670560255, previous_upper=153.54053905827823, previous_lower=153.36416094172176, normalized_band_width=0.001147, latest_band_width=0.175978, distance_from_middle=0.000572, range_slope=0.000220, trend_slope=0.000076, trend_current_ma=153.44726666666665, latest_high=153.546, latest_low=153.508)",range,153.45229999999998,153.5402888629316,153.36431113706837,0.0011467910605655297,0.00022025929341069675,7.6030462582299e-05,153.44726666666665,0.0005715131021171552,"sell position closed because range recovery failed and adverse move resumed (entry_price=153.54, previous_close=153.594, latest_close=153.658, middle=153.5472, band_width=0.3369667045866436) (bollinger_period=20, bollinger_sigma=2.0, bollinger_extreme_sigma=3.0, range_ma_period=10, range_slope_lookback=5, range_slope_threshold=0.0005, range_band_width_threshold=0.003, range_middle_distance_threshold=0.002, trend_ma_period=15, trend_slope_lookback=2, trend_slope_threshold=0.0003, trend_price_position_filter_enabled=True, range_require_reentry_confirmation=True, trend_require_break_confirmation=True, exit_on_range_middle_band=True, close_on_opposite_trend_state=True, enable_range_failure_exit=True, range_failure_adverse_move_ratio=0.28, enable_range_extreme_touch_entry=False, state=range, middle=153.5472, upper=153.71568335229333, lower=153.37871664770668, upper_3sigma=153.79992502844001, lower_3sigma=153.29447497156, previous_upper=153.7039987755966, previous_lower=153.3671012244034, normalized_band_width=0.002195, latest_band_width=0.336967, distance_from_middle=0.000722, range_slope=0.000217, trend_slope=0.000151, trend_current_ma=153.58939999999998, latest_high=153.661, latest_low=153.593)",range,153.5472,153.71568335229333,153.37871664770668,0.0021945480255364056,0.00021743333617602674,0.00015105209083422655,153.58939999999998,0.0007216022174287995,,,,,,,,,,,,,,,,,,,,,,,,,,,,,,,,,,,,,,2.899999999999636,13.400000000001455,12,range_failure_exit,3554,3566,9,1,8,11,11
legacy,,2026-02-18 10:45:00,2026-02-18 11:05:00,sell,153.73,153.616,11.39999999999759,signal_close,T-0119,"range mean-reversion sell confirmed by reentry from outside upper band; previous_close=153.732, latest_close=153.73, previous_upper=153.72415681621632, latest_upper=153.73065617409895; range because abs(range_slope)=0.000226 <= threshold=0.000500 and normalized_band_width=0.001558 <= threshold=0.003000 and distance_from_middle=0.000775 <= threshold=0.002000 (bollinger_period=20, bollinger_sigma=2.0, bollinger_extreme_sigma=3.0, range_ma_period=10, range_slope_lookback=5, range_slope_threshold=0.0005, range_band_width_threshold=0.003, range_middle_distance_threshold=0.002, trend_ma_period=15, trend_slope_lookback=2, trend_slope_threshold=0.0003, trend_price_position_filter_enabled=True, range_require_reentry_confirmation=True, trend_require_break_confirmation=True, exit_on_range_middle_band=True, close_on_opposite_trend_state=True, enable_range_failure_exit=True, range_failure_adverse_move_ratio=0.28, enable_range_extreme_touch_entry=False, state=range, middle=153.611, upper=153.73065617409895, lower=153.49134382590103, upper_3sigma=153.79048426114844, lower_3sigma=153.43151573885154, previous_upper=153.72415681621632, previous_lower=153.46924318378368, normalized_band_width=0.001558, latest_band_width=0.239312, distance_from_middle=0.000775, range_slope=0.000226, trend_slope=0.000135, trend_current_ma=153.63213333333334, latest_high=153.749, latest_low=153.659)",range,153.611,153.73065617409895,153.49134382590103,0.0015579115310617557,0.00022649599629287473,0.00013538834323727653,153.63213333333334,0.0007746841046539621,"sell position closed because range state returned to middle band: latest close 153.616 <= middle 153.63775 (bollinger_period=20, bollinger_sigma=2.0, bollinger_extreme_sigma=3.0, range_ma_period=10, range_slope_lookback=5, range_slope_threshold=0.0005, range_band_width_threshold=0.003, range_middle_distance_threshold=0.002, trend_ma_period=15, trend_slope_lookback=2, trend_slope_threshold=0.0003, trend_price_position_filter_enabled=True, range_require_reentry_confirmation=True, trend_require_break_confirmation=True, exit_on_range_middle_band=True, close_on_opposite_trend_state=True, enable_range_failure_exit=True, range_failure_adverse_move_ratio=0.28, enable_range_extreme_touch_entry=False, state=range, middle=153.63775, upper=153.74245315181503, lower=153.533046848185, upper_3sigma=153.79480472772255, lower_3sigma=153.48069527227747, previous_upper=153.74436954953214, previous_lower=153.52593045046788, normalized_band_width=0.001363, latest_band_width=0.209406, distance_from_middle=0.000142, range_slope=0.000239, trend_slope=0.000010, trend_current_ma=153.6516, latest_high=153.673, latest_low=153.612)",range,153.63775,153.74245315181503,153.533046848185,0.0013629873102804007,0.0002388197229951259,1.0413168492851822e-05,153.6516,0.0001415667698856386,,,,,,,,,,,,,,,,,,,,,,,,,,,,,,,,,,,,,,11.7999999999995,2.600000000001046,4,middle_touch_exit,3571,3575,0,3,0,1,3
legacy,,2026-02-18 12:40:00,2026-02-18 13:05:00,sell,153.788,153.722,6.60000000000025,signal_close,T-0120,"range mean-reversion sell confirmed by reentry from outside upper band; previous_close=153.784, latest_close=153.788, previous_upper=153.78266723452379, latest_upper=153.79432960277487; range because abs(range_slope)=0.000142 <= threshold=0.000500 and normalized_band_width=0.001087 <= threshold=0.003000 and distance_from_middle=0.000503 <= threshold=0.002000 (bollinger_period=20, bollinger_sigma=2.0, bollinger_extreme_sigma=3.0, range_ma_period=10, range_slope_lookback=5, range_slope_threshold=0.0005, range_band_width_threshold=0.003, range_middle_distance_threshold=0.002, trend_ma_period=15, trend_slope_lookback=2, trend_slope_threshold=0.0003, trend_price_position_filter_enabled=True, range_require_reentry_confirmation=True, trend_require_break_confirmation=True, exit_on_range_middle_band=True, close_on_opposite_trend_state=True, enable_range_failure_exit=True, range_failure_adverse_move_ratio=0.28, enable_range_extreme_touch_entry=False, state=range, middle=153.71075000000002, upper=153.79432960277487, lower=153.62717039722517, upper_3sigma=153.83611940416228, lower_3sigma=153.58538059583776, previous_upper=153.78266723452379, previous_lower=153.62613276547626, normalized_band_width=0.001087, latest_band_width=0.167159, distance_from_middle=0.000503, range_slope=0.000142, trend_slope=0.000089, trend_current_ma=153.72359999999998, latest_high=153.812, latest_low=153.779)",range,153.71075000000002,153.79432960277487,153.62717039722517,0.0010874919649386553,0.00014246005751735732,8.933783318440412e-05,153.72359999999998,0.0005025673220642815,"sell position closed because range state returned to middle band: latest close 153.722 <= middle 153.73285 (bollinger_period=20, bollinger_sigma=2.0, bollinger_extreme_sigma=3.0, range_ma_period=10, range_slope_lookback=5, range_slope_threshold=0.0005, range_band_width_threshold=0.003, range_middle_distance_threshold=0.002, trend_ma_period=15, trend_slope_lookback=2, trend_slope_threshold=0.0003, trend_price_position_filter_enabled=True, range_require_reentry_confirmation=True, trend_require_break_confirmation=True, exit_on_range_middle_band=True, close_on_opposite_trend_state=True, enable_range_failure_exit=True, range_failure_adverse_move_ratio=0.28, enable_range_extreme_touch_entry=False, state=range, middle=153.73285, upper=153.80677232409766, lower=153.65892767590236, upper_3sigma=153.8437334861465, lower_3sigma=153.62196651385352, previous_upper=153.80911919918498, previous_lower=153.65128080081502, normalized_band_width=0.000962, latest_band_width=0.147845, distance_from_middle=0.000071, range_slope=0.000215, trend_slope=0.000034, trend_current_ma=153.7384, latest_high=153.773, latest_low=153.712)",range,153.73285,153.80677232409766,153.65892767590236,0.0009616984801576426,0.0002146197685619465,3.3823690112568434e-05,153.7384,7.057697818003706e-05,,,,,,,,,,,,,,,,,,,,,,,,,,,,,,,,,,,,,,7.600000000002183,0.0,5,middle_touch_exit,3594,3599,0,0,1,3,4
legacy,,2026-02-18 14:40:00,2026-02-18 14:55:00,buy,153.597,153.654,5.699999999998795,signal_close,T-0121,"range mean-reversion buy confirmed by reentry from outside lower band; previous_close=153.575, latest_close=153.597, previous_lower=153.57615154163605, latest_lower=153.57311812406374; range because abs(range_slope)=0.000092 <= threshold=0.000500 and normalized_band_width=0.001192 <= threshold=0.003000 and distance_from_middle=0.000441 <= threshold=0.002000 (bollinger_period=20, bollinger_sigma=2.0, bollinger_extreme_sigma=3.0, range_ma_period=10, range_slope_lookback=5, range_slope_threshold=0.0005, range_band_width_threshold=0.003, range_middle_distance_threshold=0.002, trend_ma_period=15, trend_slope_lookback=2, trend_slope_threshold=0.0003, trend_price_position_filter_enabled=True, range_require_reentry_confirmation=True, trend_require_break_confirmation=True, exit_on_range_middle_band=True, close_on_opposite_trend_state=True, enable_range_failure_exit=True, range_failure_adverse_move_ratio=0.28, enable_range_extreme_touch_entry=False, state=range, middle=153.66469999999998, upper=153.75628187593622, lower=153.57311812406374, upper_3sigma=153.80207281390435, lower_3sigma=153.52732718609562, previous_upper=153.77074845836395, previous_lower=153.57615154163605, normalized_band_width=0.001192, latest_band_width=0.183164, distance_from_middle=0.000441, range_slope=-0.000092, trend_slope=-0.000085, trend_current_ma=153.6536, latest_high=153.623, latest_low=153.554)",range,153.66469999999998,153.75628187593622,153.57311812406374,0.001191970256490168,-9.176204604622661e-05,-8.50397691082128e-05,153.6536,0.0004405696298497552,"buy position closed because range state returned to middle band: latest close 153.654 >= middle 153.65365 (bollinger_period=20, bollinger_sigma=2.0, bollinger_extreme_sigma=3.0, range_ma_period=10, range_slope_lookback=5, range_slope_threshold=0.0005, range_band_width_threshold=0.003, range_middle_distance_threshold=0.002, trend_ma_period=15, trend_slope_lookback=2, trend_slope_threshold=0.0003, trend_price_position_filter_enabled=True, range_require_reentry_confirmation=True, trend_require_break_confirmation=True, exit_on_range_middle_band=True, close_on_opposite_trend_state=True, enable_range_failure_exit=True, range_failure_adverse_move_ratio=0.28, enable_range_extreme_touch_entry=False, state=range, middle=153.65365, upper=153.73959248076474, lower=153.56770751923526, upper_3sigma=153.78256372114714, lower_3sigma=153.52473627885286, previous_upper=153.74246444229155, previous_lower=153.56813555770842, normalized_band_width=0.001119, latest_band_width=0.171885, distance_from_middle=0.000002, range_slope=-0.000157, trend_slope=-0.000008, trend_current_ma=153.6506, latest_high=153.668, latest_low=153.603)",range,153.65365,153.73959248076474,153.56770751923526,0.001118651991211961,-0.00015685559847572955,-8.243812042724677e-06,153.6506,2.277850217013445e-06,,,,,,,,,,,,,,,,,,,,,,,,,,,,,,,,,,,,,,7.099999999999795,0.10000000000047748,3,middle_touch_exit,3618,3621,0,0,0,2,2
legacy,,2026-02-18 15:40:00,2026-02-18 16:15:00,sell,153.786,153.986,-19.999999999998863,sl_hit,T-0122,"range mean-reversion sell confirmed by reentry from outside upper band; previous_close=153.817, latest_close=153.786, previous_upper=153.79095570627783, latest_upper=153.80704652537824; range because abs(range_slope)=0.000493 <= threshold=0.000500 and normalized_band_width=0.001728 <= threshold=0.003000 and distance_from_middle=0.000727 <= threshold=0.002000 (bollinger_period=20, bollinger_sigma=2.0, bollinger_extreme_sigma=3.0, range_ma_period=10, range_slope_lookback=5, range_slope_threshold=0.0005, range_band_width_threshold=0.003, range_middle_distance_threshold=0.002, trend_ma_period=15, trend_slope_lookback=2, trend_slope_threshold=0.0003, trend_price_position_filter_enabled=True, range_require_reentry_confirmation=True, trend_require_break_confirmation=True, exit_on_range_middle_band=True, close_on_opposite_trend_state=True, enable_range_failure_exit=True, range_failure_adverse_move_ratio=0.28, enable_range_extreme_touch_entry=False, state=range, middle=153.6743, upper=153.80704652537824, lower=153.54155347462174, upper_3sigma=153.87341978806737, lower_3sigma=153.4751802119326, previous_upper=153.79095570627783, previous_lower=153.54604429372216, normalized_band_width=0.001728, latest_band_width=0.265493, distance_from_middle=0.000727, range_slope=0.000493, trend_slope=0.000125, trend_current_ma=153.66726666666668, latest_high=153.827, latest_low=153.679)",range,153.6743,153.80704652537824,153.54155347462174,0.0017276346842413084,0.0004925185328804062,0.00012451144442411052,153.66726666666668,0.0007268619411314269,,,,,,,,,,,,,,,,,,,,,,,,,,,,,,,,,,,,,,,,,,,,,,,,2.400000000000091,30.699999999998795,7,,3630,3637,5,0,6,6,6
legacy,,2026-02-18 16:35:00,2026-02-18 17:45:00,buy,154.344,154.306,-3.7999999999982492,signal_close,T-0123,"trend-follow buy confirmed by upper band breakout; previous_close=154.224, latest_close=154.344, previous_upper=154.2624576836963, latest_upper=154.3373891974692; trend_up because trend_slope=0.000532 > threshold=0.000300 and latest_close=154.344 >= trend_ma=153.97173333333333 (bollinger_period=20, bollinger_sigma=2.0, bollinger_extreme_sigma=3.0, range_ma_period=10, range_slope_lookback=5, range_slope_threshold=0.0005, range_band_width_threshold=0.003, range_middle_distance_threshold=0.002, trend_ma_period=15, trend_slope_lookback=2, trend_slope_threshold=0.0003, trend_price_position_filter_enabled=True, range_require_reentry_confirmation=True, trend_require_break_confirmation=True, exit_on_range_middle_band=True, close_on_opposite_trend_state=True, enable_range_failure_exit=True, range_failure_adverse_move_ratio=0.28, enable_range_extreme_touch_entry=False, state=trend_up, middle=153.89155, upper=154.3373891974692, lower=153.44571080253078, upper_3sigma=154.56030879620383, lower_3sigma=153.22279120379616, previous_upper=154.2624576836963, previous_lower=153.45164231630372, normalized_band_width=0.005794, latest_band_width=0.891678, distance_from_middle=0.002940, range_slope=0.001471, trend_slope=0.000532, trend_current_ma=153.97173333333333, latest_high=154.378, latest_low=154.219)",trend_up,153.89155,154.3373891974692,153.44571080253078,0.005794199843580911,0.001470770544866554,0.00053169932489766,153.97173333333333,0.0029400574625442328,"buy position closed because range state returned to middle band: latest close 154.306 >= middle 154.28965 (bollinger_period=20, bollinger_sigma=2.0, bollinger_extreme_sigma=3.0, range_ma_period=10, range_slope_lookback=5, range_slope_threshold=0.0005, range_band_width_threshold=0.003, range_middle_distance_threshold=0.002, trend_ma_period=15, trend_slope_lookback=2, trend_slope_threshold=0.0003, trend_price_position_filter_enabled=True, range_require_reentry_confirmation=True, trend_require_break_confirmation=True, exit_on_range_middle_band=True, close_on_opposite_trend_state=True, enable_range_failure_exit=True, range_failure_adverse_move_ratio=0.28, enable_range_extreme_touch_entry=False, state=range, middle=154.28965, upper=154.49939772942753, lower=154.07990227057246, upper_3sigma=154.6042715941413, lower_3sigma=153.9750284058587, previous_upper=154.5276583657931, previous_lower=154.0163416342069, normalized_band_width=0.002719, latest_band_width=0.419495, distance_from_middle=0.000106, range_slope=-0.000097, trend_slope=0.000065, trend_current_ma=154.3352, latest_high=154.366, latest_low=154.303)",range,154.28965,154.49939772942753,154.07990227057246,0.0027188826914512233,-9.655161688325847e-05,6.522599294690897e-05,154.3352,0.00010596951901839795,,,,,,,,,,,,,,,,,,,,,,,,,,,,,,,,,,,,,,8.00000000000125,11.699999999999022,14,middle_touch_exit,3641,3655,6,14,7,4,14
legacy,,2026-02-18 18:55:00,2026-02-18 19:35:00,sell,154.433,154.552,-11.899999999999977,signal_close,T-0124,"range mean-reversion sell confirmed by reentry from outside upper band; previous_close=154.43, latest_close=154.433, previous_upper=154.4295794353754, latest_upper=154.4427321053731; range because abs(range_slope)=0.000380 <= threshold=0.000500 and normalized_band_width=0.001290 <= threshold=0.003000 and distance_from_middle=0.000582 <= threshold=0.002000 (bollinger_period=20, bollinger_sigma=2.0, bollinger_extreme_sigma=3.0, range_ma_period=10, range_slope_lookback=5, range_slope_threshold=0.0005, range_band_width_threshold=0.003, range_middle_distance_threshold=0.002, trend_ma_period=15, trend_slope_lookback=2, trend_slope_threshold=0.0003, trend_price_position_filter_enabled=True, range_require_reentry_confirmation=True, trend_require_break_confirmation=True, exit_on_range_middle_band=True, close_on_opposite_trend_state=True, enable_range_failure_exit=True, range_failure_adverse_move_ratio=0.28, enable_range_extreme_touch_entry=False, state=range, middle=154.3432, upper=154.4427321053731, lower=154.2436678946269, upper_3sigma=154.49249815805962, lower_3sigma=154.19390184194037, previous_upper=154.4295794353754, previous_lower=154.2482205646246, normalized_band_width=0.001290, latest_band_width=0.199064, distance_from_middle=0.000582, range_slope=0.000380, trend_slope=0.000074, trend_current_ma=154.34226666666666, latest_high=154.433, latest_low=154.404)",range,154.3432,154.4427321053731,154.2436678946269,0.0012897504441154574,0.0003802621282240498,7.429375578249089e-05,154.34226666666666,0.0005818202551197382,"sell position closed because range recovery failed and adverse move resumed (entry_price=154.433, previous_close=154.455, latest_close=154.552, middle=154.39100000000002, band_width=0.2886104641207794) (bollinger_period=20, bollinger_sigma=2.0, bollinger_extreme_sigma=3.0, range_ma_period=10, range_slope_lookback=5, range_slope_threshold=0.0005, range_band_width_threshold=0.003, range_middle_distance_threshold=0.002, trend_ma_period=15, trend_slope_lookback=2, trend_slope_threshold=0.0003, trend_price_position_filter_enabled=True, range_require_reentry_confirmation=True, trend_require_break_confirmation=True, exit_on_range_middle_band=True, close_on_opposite_trend_state=True, enable_range_failure_exit=True, range_failure_adverse_move_ratio=0.28, enable_range_extreme_touch_entry=False, state=range, middle=154.39100000000002, upper=154.5353052320604, lower=154.24669476793963, upper_3sigma=154.60745784809058, lower_3sigma=154.17454215190946, previous_upper=154.5099962405484, previous_lower=154.24400375945163, normalized_band_width=0.001869, latest_band_width=0.288610, distance_from_middle=0.001043, range_slope=0.000304, trend_slope=0.000155, trend_current_ma=154.42253333333332, latest_high=154.578, latest_low=154.456)",range,154.39100000000002,154.5353052320604,154.24669476793963,0.0018693477218282113,0.00030431072326239905,0.00015498601672121274,154.42253333333332,0.0010428068993657202,,,,,,,,,,,,,,,,,,,,,,,,,,,,,,,,,,,,,,3.7999999999982492,14.500000000001023,8,range_failure_exit,3669,3677,3,2,8,8,8
legacy,,2026-02-18 19:40:00,2026-02-18 20:30:00,sell,154.525,154.725,-19.999999999998863,sl_hit,T-0125,"range mean-reversion sell confirmed by reentry from outside upper band; previous_close=154.552, latest_close=154.525, previous_upper=154.5353052320604, latest_upper=154.5434340044996; range because abs(range_slope)=0.000291 <= threshold=0.000500 and normalized_band_width=0.001791 <= threshold=0.003000 and distance_from_middle=0.000776 <= threshold=0.002000 (bollinger_period=20, bollinger_sigma=2.0, bollinger_extreme_sigma=3.0, range_ma_period=10, range_slope_lookback=5, range_slope_threshold=0.0005, range_band_width_threshold=0.003, range_middle_distance_threshold=0.002, trend_ma_period=15, trend_slope_lookback=2, trend_slope_threshold=0.0003, trend_price_position_filter_enabled=True, range_require_reentry_confirmation=True, trend_require_break_confirmation=True, exit_on_range_middle_band=True, close_on_opposite_trend_state=True, enable_range_failure_exit=True, range_failure_adverse_move_ratio=0.28, enable_range_extreme_touch_entry=False, state=range, middle=154.40519999999998, upper=154.5434340044996, lower=154.26696599550036, upper_3sigma=154.6125510067494, lower_3sigma=154.19784899325055, previous_upper=154.5353052320604, previous_lower=154.24669476793963, normalized_band_width=0.001791, latest_band_width=0.276468, distance_from_middle=0.000776, range_slope=0.000291, trend_slope=0.000166, trend_current_ma=154.43446666666665, latest_high=154.557, latest_low=154.496)",range,154.40519999999998,154.5434340044996,154.26696599550036,0.0017905356101947688,0.00029069598056164923,0.000165766104889348,154.43446666666665,0.0007758806050575133,,,,,,,,,,,,,,,,,,,,,,,,,,,,,,,,,,,,,,,,,,,,,,,,2.000000000001023,21.000000000000796,10,,3678,3688,4,9,2,4,9
legacy,,2026-02-19 00:10:00,2026-02-19 01:25:00,buy,154.718,154.738,2.000000000001023,signal_close,T-0126,"range mean-reversion buy confirmed by reentry from outside lower band; previous_close=154.694, latest_close=154.718, previous_lower=154.72530424625674, latest_lower=154.715230441178; range because abs(range_slope)=0.000123 <= threshold=0.000500 and normalized_band_width=0.000826 <= threshold=0.003000 and distance_from_middle=0.000395 <= threshold=0.002000 (bollinger_period=20, bollinger_sigma=2.0, bollinger_extreme_sigma=3.0, range_ma_period=10, range_slope_lookback=5, range_slope_threshold=0.0005, range_band_width_threshold=0.003, range_middle_distance_threshold=0.002, trend_ma_period=15, trend_slope_lookback=2, trend_slope_threshold=0.0003, trend_price_position_filter_enabled=True, range_require_reentry_confirmation=True, trend_require_break_confirmation=True, exit_on_range_middle_band=True, close_on_opposite_trend_state=True, enable_range_failure_exit=True, range_failure_adverse_move_ratio=0.28, enable_range_extreme_touch_entry=False, state=range, middle=154.77915000000002, upper=154.84306955882204, lower=154.715230441178, upper_3sigma=154.87502933823305, lower_3sigma=154.68327066176698, previous_upper=154.84069575374323, previous_lower=154.72530424625674, normalized_band_width=0.000826, latest_band_width=0.127839, distance_from_middle=0.000395, range_slope=-0.000123, trend_slope=-0.000078, trend_current_ma=154.77933333333334, latest_high=154.737, latest_low=154.695)",range,154.77915000000002,154.84306955882204,154.715230441178,0.0008259453398215692,-0.00012275781240413073,-7.839117194786853e-05,154.77933333333334,0.0003950790529604681,"buy position closed because range state returned to middle band: latest close 154.738 >= middle 154.7296 (bollinger_period=20, bollinger_sigma=2.0, bollinger_extreme_sigma=3.0, range_ma_period=10, range_slope_lookback=5, range_slope_threshold=0.0005, range_band_width_threshold=0.003, range_middle_distance_threshold=0.002, trend_ma_period=15, trend_slope_lookback=2, trend_slope_threshold=0.0003, trend_price_position_filter_enabled=True, range_require_reentry_confirmation=True, trend_require_break_confirmation=True, exit_on_range_middle_band=True, close_on_opposite_trend_state=True, enable_range_failure_exit=True, range_failure_adverse_move_ratio=0.28, enable_range_extreme_touch_entry=False, state=range, middle=154.7296, upper=154.78477028185537, lower=154.67442971814464, upper_3sigma=154.81235542278307, lower_3sigma=154.64684457721694, previous_upper=154.79770438886882, previous_lower=154.66839561113116, normalized_band_width=0.000713, latest_band_width=0.110341, distance_from_middle=0.000054, range_slope=-0.000008, trend_slope=0.000022, trend_current_ma=154.72366666666667, latest_high=154.757, latest_low=154.715)",range,154.7296,154.78477028185537,154.67442971814464,0.0007131186515749782,-7.75580085419154e-06,2.197466020065352e-05,154.72366666666667,5.428825512374254e-05,,,,,,,,,,,,,,,,,,,,,,,,,,,,,,,,,,,,,,4.500000000001592,5.099999999998772,15,middle_touch_exit,3731,3746,0,3,6,11,14
legacy,,2026-02-19 01:40:00,2026-02-19 01:55:00,sell,154.748,154.672,7.599999999999341,signal_close,T-0127,"range mean-reversion sell confirmed by reentry from outside upper band; previous_close=154.76, latest_close=154.748, previous_upper=154.75754937407373, latest_upper=154.7602758344948; range because abs(range_slope)=0.000016 <= threshold=0.000500 and normalized_band_width=0.000460 <= threshold=0.003000 and distance_from_middle=0.000151 <= threshold=0.002000 (bollinger_period=20, bollinger_sigma=2.0, bollinger_extreme_sigma=3.0, range_ma_period=10, range_slope_lookback=5, range_slope_threshold=0.0005, range_band_width_threshold=0.003, range_middle_distance_threshold=0.002, trend_ma_period=15, trend_slope_lookback=2, trend_slope_threshold=0.0003, trend_price_position_filter_enabled=True, range_require_reentry_confirmation=True, trend_require_break_confirmation=True, exit_on_range_middle_band=True, close_on_opposite_trend_state=True, enable_range_failure_exit=True, range_failure_adverse_move_ratio=0.28, enable_range_extreme_touch_entry=False, state=range, middle=154.7247, upper=154.7602758344948, lower=154.68912416550523, upper_3sigma=154.7780637517422, lower_3sigma=154.67133624825783, previous_upper=154.75754937407373, previous_lower=154.68965062592622, normalized_band_width=0.000460, latest_band_width=0.071152, distance_from_middle=0.000151, range_slope=0.000016, trend_slope=0.000027, trend_current_ma=154.72766666666666, latest_high=154.772, latest_low=154.743)",range,154.7247,154.7602758344948,154.68912416550523,0.00045985979607365525,1.615769914362725e-05,2.7144466729699173e-05,154.72766666666666,0.00015059004800124136,"sell position closed because range state returned to middle band: latest close 154.672 <= middle 154.726 (bollinger_period=20, bollinger_sigma=2.0, bollinger_extreme_sigma=3.0, range_ma_period=10, range_slope_lookback=5, range_slope_threshold=0.0005, range_band_width_threshold=0.003, range_middle_distance_threshold=0.002, trend_ma_period=15, trend_slope_lookback=2, trend_slope_threshold=0.0003, trend_price_position_filter_enabled=True, range_require_reentry_confirmation=True, trend_require_break_confirmation=True, exit_on_range_middle_band=True, close_on_opposite_trend_state=True, enable_range_failure_exit=True, range_failure_adverse_move_ratio=0.28, enable_range_extreme_touch_entry=False, state=range, middle=154.726, upper=154.76800952272998, lower=154.68399047727002, upper_3sigma=154.78901428409495, lower_3sigma=154.66298571590505, previous_upper=154.7625558365042, previous_lower=154.6944441634958, normalized_band_width=0.000543, latest_band_width=0.084019, distance_from_middle=0.000349, range_slope=0.000056, trend_slope=-0.000020, trend_current_ma=154.72580000000002, latest_high=154.764, latest_low=154.672)",range,154.726,154.76800952272998,154.68399047727002,0.0005430182739808943,5.6226757991015305e-05,-1.9820008470822463e-05,154.72580000000002,0.0003490040458617301,,,,,,,,,,,,,,,,,,,,,,,,,,,,,,,,,,,,,,7.599999999999341,1.6000000000019554,3,middle_touch_exit,3749,3752,0,0,0,0,0
legacy,,2026-02-19 02:05:00,2026-02-19 02:15:00,buy,154.664,154.743,7.900000000000773,signal_close,T-0128,"range mean-reversion buy confirmed by reentry from outside lower band; previous_close=154.638, latest_close=154.664, previous_lower=154.6653159433086, latest_lower=154.65679752220902; range because abs(range_slope)=0.000063 <= threshold=0.000500 and normalized_band_width=0.000802 <= threshold=0.003000 and distance_from_middle=0.000355 <= threshold=0.002000 (bollinger_period=20, bollinger_sigma=2.0, bollinger_extreme_sigma=3.0, range_ma_period=10, range_slope_lookback=5, range_slope_threshold=0.0005, range_band_width_threshold=0.003, range_middle_distance_threshold=0.002, trend_ma_period=15, trend_slope_lookback=2, trend_slope_threshold=0.0003, trend_price_position_filter_enabled=True, range_require_reentry_confirmation=True, trend_require_break_confirmation=True, exit_on_range_middle_band=True, close_on_opposite_trend_state=True, enable_range_failure_exit=True, range_failure_adverse_move_ratio=0.28, enable_range_extreme_touch_entry=False, state=range, middle=154.71885, upper=154.780902477791, lower=154.65679752220902, upper_3sigma=154.81192871668648, lower_3sigma=154.62577128331353, previous_upper=154.7789840566914, previous_lower=154.6653159433086, normalized_band_width=0.000802, latest_band_width=0.124105, distance_from_middle=0.000355, range_slope=-0.000063, trend_slope=-0.000075, trend_current_ma=154.71413333333334, latest_high=154.664, latest_low=154.615)",range,154.71885,154.780902477791,154.65679752220902,0.0008021320969097817,-6.334219262221336e-05,-7.540789206082753e-05,154.71413333333334,0.0003545140104131853,"buy position closed because range state returned to middle band: latest close 154.743 >= middle 154.7182 (bollinger_period=20, bollinger_sigma=2.0, bollinger_extreme_sigma=3.0, range_ma_period=10, range_slope_lookback=5, range_slope_threshold=0.0005, range_band_width_threshold=0.003, range_middle_distance_threshold=0.002, trend_ma_period=15, trend_slope_lookback=2, trend_slope_threshold=0.0003, trend_price_position_filter_enabled=True, range_require_reentry_confirmation=True, trend_require_break_confirmation=True, exit_on_range_middle_band=True, close_on_opposite_trend_state=True, enable_range_failure_exit=True, range_failure_adverse_move_ratio=0.28, enable_range_extreme_touch_entry=False, state=range, middle=154.7182, upper=154.781190792978, lower=154.65520920702198, upper_3sigma=154.81268618946703, lower_3sigma=154.62371381053296, previous_upper=154.77995337069532, previous_lower=154.65534662930466, normalized_band_width=0.000814, latest_band_width=0.125982, distance_from_middle=0.000160, range_slope=-0.000125, trend_slope=0.000016, trend_current_ma=154.7166, latest_high=154.763, latest_low=154.687)",range,154.7182,154.781190792978,154.65520920702198,0.0008142648114832403,-0.00012539306524634444,1.5943128705409028e-05,154.7166,0.00016029142014319613,,,,,,,,,,,,,,,,,,,,,,,,,,,,,,,,,,,,,,9.900000000001796,0.6000000000000227,2,middle_touch_exit,3754,3756,0,0,0,1,1
legacy,,2026-02-19 05:25:00,2026-02-19 06:20:00,sell,155.04,155.23999999999998,-19.999999999998863,sl_hit,T-0129,"range mean-reversion sell confirmed by reentry from outside upper band; previous_close=155.036, latest_close=155.04, previous_upper=155.02438254470422, latest_upper=155.0406012085879; range because abs(range_slope)=0.000384 <= threshold=0.000500 and normalized_band_width=0.001442 <= threshold=0.003000 and distance_from_middle=0.000717 <= threshold=0.002000 (bollinger_period=20, bollinger_sigma=2.0, bollinger_extreme_sigma=3.0, range_ma_period=10, range_slope_lookback=5, range_slope_threshold=0.0005, range_band_width_threshold=0.003, range_middle_distance_threshold=0.002, trend_ma_period=15, trend_slope_lookback=2, trend_slope_threshold=0.0003, trend_price_position_filter_enabled=True, range_require_reentry_confirmation=True, trend_require_break_confirmation=True, exit_on_range_middle_band=True, close_on_opposite_trend_state=True, enable_range_failure_exit=True, range_failure_adverse_move_ratio=0.28, enable_range_extreme_touch_entry=False, state=range, middle=154.9289, upper=155.0406012085879, lower=154.8171987914121, upper_3sigma=155.09645181288187, lower_3sigma=154.76134818711813, previous_upper=155.02438254470422, previous_lower=154.82431745529578, normalized_band_width=0.001442, latest_band_width=0.223402, distance_from_middle=0.000717, range_slope=0.000384, trend_slope=0.000091, trend_current_ma=154.92300000000003, latest_high=155.064, latest_low=155.025)",range,154.9289,155.0406012085879,154.8171987914121,0.001441967361646569,0.0003839844289472998,9.079779417328159e-05,154.92300000000003,0.0007171031356963957,,,,,,,,,,,,,,,,,,,,,,,,,,,,,,,,,,,,,,,,,,,,,,,,0.2999999999985903,23.199999999999932,11,,3794,3805,7,10,7,9,10
legacy,,2026-02-19 08:05:00,2026-02-19 08:15:00,sell,155.244,155.118,12.600000000000477,signal_close,T-0130,"range mean-reversion sell confirmed by reentry from outside upper band; previous_close=155.293, latest_close=155.244, previous_upper=155.2681595748219, latest_upper=155.27716289757797; range because abs(range_slope)=0.000340 <= threshold=0.000500 and normalized_band_width=0.001294 <= threshold=0.003000 and distance_from_middle=0.000433 <= threshold=0.002000 (bollinger_period=20, bollinger_sigma=2.0, bollinger_extreme_sigma=3.0, range_ma_period=10, range_slope_lookback=5, range_slope_threshold=0.0005, range_band_width_threshold=0.003, range_middle_distance_threshold=0.002, trend_ma_period=15, trend_slope_lookback=2, trend_slope_threshold=0.0003, trend_price_position_filter_enabled=True, range_require_reentry_confirmation=True, trend_require_break_confirmation=True, exit_on_range_middle_band=True, close_on_opposite_trend_state=True, enable_range_failure_exit=True, range_failure_adverse_move_ratio=0.28, enable_range_extreme_touch_entry=False, state=range, middle=155.17675, upper=155.27716289757797, lower=155.07633710242203, upper_3sigma=155.32736934636694, lower_3sigma=155.02613065363306, previous_upper=155.2681595748219, previous_lower=155.0762404251781, normalized_band_width=0.001294, latest_band_width=0.200826, distance_from_middle=0.000433, range_slope=0.000340, trend_slope=0.000072, trend_current_ma=155.17753333333334, latest_high=155.312, latest_low=155.234)",range,155.17675,155.27716289757797,155.07633710242203,0.0012941745149059752,0.00033957345192854994,7.217539652452314e-05,155.17753333333334,0.00043337677841558976,"sell position closed because range state returned to middle band: latest close 155.118 <= middle 155.17605 (bollinger_period=20, bollinger_sigma=2.0, bollinger_extreme_sigma=3.0, range_ma_period=10, range_slope_lookback=5, range_slope_threshold=0.0005, range_band_width_threshold=0.003, range_middle_distance_threshold=0.002, trend_ma_period=15, trend_slope_lookback=2, trend_slope_threshold=0.0003, trend_price_position_filter_enabled=True, range_require_reentry_confirmation=True, trend_require_break_confirmation=True, exit_on_range_middle_band=True, close_on_opposite_trend_state=True, enable_range_failure_exit=True, range_failure_adverse_move_ratio=0.28, enable_range_extreme_touch_entry=False, state=range, middle=155.17605, upper=155.2783856731546, lower=155.07371432684542, upper_3sigma=155.32955350973188, lower_3sigma=155.02254649026813, previous_upper=155.2781232766103, previous_lower=155.08047672338967, normalized_band_width=0.001319, latest_band_width=0.204671, distance_from_middle=0.000374, range_slope=0.000214, trend_slope=0.000026, trend_current_ma=155.18153333333333, latest_high=155.192, latest_low=155.095)",range,155.17605,155.2783856731546,155.07371432684542,0.0013189622129778993,0.00021392607178909273,2.5776262897200468e-05,155.18153333333333,0.00037409123379547675,,,,,,,,,,,,,,,,,,,,,,,,,,,,,,,,,,,,,,14.900000000000091,0.8000000000009777,2,middle_touch_exit,3826,3828,0,0,2,2,2
legacy,,2026-02-19 10:05:00,2026-02-19 10:40:00,buy,154.932,154.747,-18.499999999997385,signal_close,T-0131,"range mean-reversion buy confirmed by reentry from outside lower band; previous_close=154.882, latest_close=154.932, previous_lower=154.92385301129104, latest_lower=154.9066535441715; range because abs(range_slope)=0.000453 <= threshold=0.000500 and normalized_band_width=0.001856 <= threshold=0.003000 and distance_from_middle=0.000765 <= threshold=0.002000 (bollinger_period=20, bollinger_sigma=2.0, bollinger_extreme_sigma=3.0, range_ma_period=10, range_slope_lookback=5, range_slope_threshold=0.0005, range_band_width_threshold=0.003, range_middle_distance_threshold=0.002, trend_ma_period=15, trend_slope_lookback=2, trend_slope_threshold=0.0003, trend_price_position_filter_enabled=True, range_require_reentry_confirmation=True, trend_require_break_confirmation=True, exit_on_range_middle_band=True, close_on_opposite_trend_state=True, enable_range_failure_exit=True, range_failure_adverse_move_ratio=0.28, enable_range_extreme_touch_entry=False, state=range, middle=155.05055, upper=155.19444645582848, lower=154.9066535441715, upper_3sigma=155.2663946837427, lower_3sigma=154.83470531625727, previous_upper=155.19034698870894, previous_lower=154.92385301129104, normalized_band_width=0.001856, latest_band_width=0.287793, distance_from_middle=0.000765, range_slope=-0.000453, trend_slope=-0.000089, trend_current_ma=155.0524, latest_high=154.953, latest_low=154.855)",range,155.05055,155.19444645582848,154.9066535441715,0.0018561231266641305,-0.0004528161682463618,-8.943213176108363e-05,155.0524,0.0007645893548910278,"buy position closed because state switched to trend_down (bollinger_period=20, bollinger_sigma=2.0, bollinger_extreme_sigma=3.0, range_ma_period=10, range_slope_lookback=5, range_slope_threshold=0.0005, range_band_width_threshold=0.003, range_middle_distance_threshold=0.002, trend_ma_period=15, trend_slope_lookback=2, trend_slope_threshold=0.0003, trend_price_position_filter_enabled=True, range_require_reentry_confirmation=True, trend_require_break_confirmation=True, exit_on_range_middle_band=True, close_on_opposite_trend_state=True, enable_range_failure_exit=True, range_failure_adverse_move_ratio=0.28, enable_range_extreme_touch_entry=False, state=trend_down, middle=154.986, upper=155.22351631522906, lower=154.74848368477092, upper_3sigma=155.3422744728436, lower_3sigma=154.62972552715638, previous_upper=155.21731103238807, previous_lower=154.78878896761194, normalized_band_width=0.003065, latest_band_width=0.475033, distance_from_middle=0.001542, range_slope=-0.000652, trend_slope=-0.000302, trend_current_ma=154.94046666666665, latest_high=154.821, latest_low=154.744)",trend_down,154.986,155.22351631522906,154.74848368477092,0.003065003487141709,-0.0006521005061203771,-0.0003024817704177629,154.94046666666665,0.0015420747680434097,,,,,,,,,,,,,,,,,,,,,,,,,,,,,,,,,,,,,,7.099999999999795,18.799999999998818,7,opposite_state_exit,3850,3857,6,0,3,7,7
legacy,,2026-02-19 12:55:00,2026-02-19 13:50:00,buy,154.685,154.597,-8.799999999999386,signal_close,T-0132,"range mean-reversion buy confirmed by reentry from outside lower band; previous_close=154.644, latest_close=154.685, previous_lower=154.6481474838155, latest_lower=154.6395076851652; range because abs(range_slope)=0.000215 <= threshold=0.000500 and normalized_band_width=0.001860 <= threshold=0.003000 and distance_from_middle=0.000636 <= threshold=0.002000 (bollinger_period=20, bollinger_sigma=2.0, bollinger_extreme_sigma=3.0, range_ma_period=10, range_slope_lookback=5, range_slope_threshold=0.0005, range_band_width_threshold=0.003, range_middle_distance_threshold=0.002, trend_ma_period=15, trend_slope_lookback=2, trend_slope_threshold=0.0003, trend_price_position_filter_enabled=True, range_require_reentry_confirmation=True, trend_require_break_confirmation=True, exit_on_range_middle_band=True, close_on_opposite_trend_state=True, enable_range_failure_exit=True, range_failure_adverse_move_ratio=0.28, enable_range_extreme_touch_entry=False, state=range, middle=154.78345, upper=154.92739231483478, lower=154.6395076851652, upper_3sigma=154.99936347225218, lower_3sigma=154.5675365277478, previous_upper=154.94125251618445, previous_lower=154.6481474838155, normalized_band_width=0.001860, latest_band_width=0.287885, distance_from_middle=0.000636, range_slope=-0.000215, trend_slope=-0.000172, trend_current_ma=154.74866666666668, latest_high=154.7, latest_low=154.647)",range,154.78345,154.92739231483478,154.6395076851652,0.0018599186778016446,-0.0002145548310380297,-0.00017232243250348415,154.74866666666668,0.0006360499136050107,"buy position closed because range recovery failed and adverse move resumed (entry_price=154.685, previous_close=154.635, latest_close=154.597, middle=154.68755000000002, band_width=0.22571654790908724) (bollinger_period=20, bollinger_sigma=2.0, bollinger_extreme_sigma=3.0, range_ma_period=10, range_slope_lookback=5, range_slope_threshold=0.0005, range_band_width_threshold=0.003, range_middle_distance_threshold=0.002, trend_ma_period=15, trend_slope_lookback=2, trend_slope_threshold=0.0003, trend_price_position_filter_enabled=True, range_require_reentry_confirmation=True, trend_require_break_confirmation=True, exit_on_range_middle_band=True, close_on_opposite_trend_state=True, enable_range_failure_exit=True, range_failure_adverse_move_ratio=0.28, enable_range_extreme_touch_entry=False, state=range, middle=154.68755000000002, upper=154.80040827395456, lower=154.57469172604547, upper_3sigma=154.85683741093183, lower_3sigma=154.5182625890682, previous_upper=154.80918517266318, previous_lower=154.58461482733682, normalized_band_width=0.001459, latest_band_width=0.225717, distance_from_middle=0.000585, range_slope=-0.000118, trend_slope=-0.000092, trend_current_ma=154.66226666666668, latest_high=154.636, latest_low=154.565)",range,154.68755000000002,154.80040827395456,154.57469172604547,0.0014591772117994448,-0.00011768562806302598,-9.181295674783132e-05,154.66226666666668,0.0005853735481621336,,,,,,,,,,,,,,,,,,,,,,,,,,,,,,,,,,,,,,2.000000000001023,12.000000000000455,11,range_failure_exit,3884,3895,6,11,0,4,11
legacy,,2026-02-19 14:05:00,2026-02-19 14:30:00,buy,154.583,154.649,6.60000000000025,signal_close,T-0133,"range mean-reversion buy confirmed by reentry from outside lower band; previous_close=154.541, latest_close=154.583, previous_lower=154.5564173055532, latest_lower=154.55635634761333; range because abs(range_slope)=0.000219 <= threshold=0.000500 and normalized_band_width=0.001286 <= threshold=0.003000 and distance_from_middle=0.000471 <= threshold=0.002000 (bollinger_period=20, bollinger_sigma=2.0, bollinger_extreme_sigma=3.0, range_ma_period=10, range_slope_lookback=5, range_slope_threshold=0.0005, range_band_width_threshold=0.003, range_middle_distance_threshold=0.002, trend_ma_period=15, trend_slope_lookback=2, trend_slope_threshold=0.0003, trend_price_position_filter_enabled=True, range_require_reentry_confirmation=True, trend_require_break_confirmation=True, exit_on_range_middle_band=True, close_on_opposite_trend_state=True, enable_range_failure_exit=True, range_failure_adverse_move_ratio=0.28, enable_range_extreme_touch_entry=False, state=range, middle=154.6558, upper=154.75524365238667, lower=154.55635634761333, upper_3sigma=154.80496547858, lower_3sigma=154.50663452142, previous_upper=154.7759826944468, previous_lower=154.5564173055532, normalized_band_width=0.001286, latest_band_width=0.198887, distance_from_middle=0.000471, range_slope=-0.000219, trend_slope=-0.000106, trend_current_ma=154.6378, latest_high=154.593, latest_low=154.532)",range,154.6558,154.75524365238667,154.55635634761333,0.001285999650665131,-0.0002185919573680052,-0.00010562316156421994,154.6378,0.00047072272750198094,"buy position closed because range state returned to middle band: latest close 154.649 >= middle 154.6338 (bollinger_period=20, bollinger_sigma=2.0, bollinger_extreme_sigma=3.0, range_ma_period=10, range_slope_lookback=5, range_slope_threshold=0.0005, range_band_width_threshold=0.003, range_middle_distance_threshold=0.002, trend_ma_period=15, trend_slope_lookback=2, trend_slope_threshold=0.0003, trend_price_position_filter_enabled=True, range_require_reentry_confirmation=True, trend_require_break_confirmation=True, exit_on_range_middle_band=True, close_on_opposite_trend_state=True, enable_range_failure_exit=True, range_failure_adverse_move_ratio=0.28, enable_range_extreme_touch_entry=False, state=range, middle=154.6338, upper=154.70711193627236, lower=154.56048806372766, upper_3sigma=154.74376790440851, lower_3sigma=154.5238320955915, previous_upper=154.70668678964788, previous_lower=154.5604132103521, normalized_band_width=0.000948, latest_band_width=0.146624, distance_from_middle=0.000098, range_slope=-0.000118, trend_slope=-0.000021, trend_current_ma=154.62460000000002, latest_high=154.673, latest_low=154.616)",range,154.6338,154.70711193627236,154.56048806372766,0.0009482006685775957,-0.00011771721737200401,-2.112643568139495e-05,154.62460000000002,9.82967501283225e-05,,,,,,,,,,,,,,,,,,,,,,,,,,,,,,,,,,,,,,9.000000000000341,0.6000000000000227,5,middle_touch_exit,3898,3903,0,4,0,0,4
legacy,,2026-02-19 18:05:00,2026-02-19 18:40:00,buy,154.972,154.872,-9.999999999999432,signal_close,T-0134,"range mean-reversion buy confirmed by reentry from outside lower band; previous_close=154.922, latest_close=154.972, previous_lower=154.93151127746683, latest_lower=154.9248405715261; range because abs(range_slope)=0.000484 <= threshold=0.000500 and normalized_band_width=0.002100 <= threshold=0.003000 and distance_from_middle=0.000746 <= threshold=0.002000 (bollinger_period=20, bollinger_sigma=2.0, bollinger_extreme_sigma=3.0, range_ma_period=10, range_slope_lookback=5, range_slope_threshold=0.0005, range_band_width_threshold=0.003, range_middle_distance_threshold=0.002, trend_ma_period=15, trend_slope_lookback=2, trend_slope_threshold=0.0003, trend_price_position_filter_enabled=True, range_require_reentry_confirmation=True, trend_require_break_confirmation=True, exit_on_range_middle_band=True, close_on_opposite_trend_state=True, enable_range_failure_exit=True, range_failure_adverse_move_ratio=0.28, enable_range_extreme_touch_entry=False, state=range, middle=155.08765, upper=155.2504594284739, lower=154.9248405715261, upper_3sigma=155.33186414271086, lower_3sigma=154.84343585728914, previous_upper=155.27288872253314, previous_lower=154.93151127746683, normalized_band_width=0.002100, latest_band_width=0.325619, distance_from_middle=0.000746, range_slope=-0.000484, trend_slope=-0.000190, trend_current_ma=155.06080000000003, latest_high=154.997, latest_low=154.899)",range,155.08765,155.2504594284739,154.9248405715261,0.0020995795406520937,-0.000483791376257381,-0.00019046292379066128,155.06080000000003,0.0007457073467809206,"buy position closed because range recovery failed and adverse move resumed (entry_price=154.972, previous_close=154.897, latest_close=154.872, middle=155.0001, band_width=0.3338500262094044) (bollinger_period=20, bollinger_sigma=2.0, bollinger_extreme_sigma=3.0, range_ma_period=10, range_slope_lookback=5, range_slope_threshold=0.0005, range_band_width_threshold=0.003, range_middle_distance_threshold=0.002, trend_ma_period=15, trend_slope_lookback=2, trend_slope_threshold=0.0003, trend_price_position_filter_enabled=True, range_require_reentry_confirmation=True, trend_require_break_confirmation=True, exit_on_range_middle_band=True, close_on_opposite_trend_state=True, enable_range_failure_exit=True, range_failure_adverse_move_ratio=0.28, enable_range_extreme_touch_entry=False, state=range, middle=155.0001, upper=155.1670250131047, lower=154.8331749868953, upper_3sigma=155.25048751965704, lower_3sigma=154.74971248034296, previous_upper=155.17597554829499, previous_lower=154.84882445170504, normalized_band_width=0.002154, latest_band_width=0.333850, distance_from_middle=0.000826, range_slope=-0.000401, trend_slope=-0.000198, trend_current_ma=154.96259999999998, latest_high=154.899, latest_low=154.845)",range,155.0001,155.1670250131047,154.8331749868953,0.002153869747241482,-0.0004008266969944784,-0.00019789721304811574,154.96259999999998,0.0008264510797089113,,,,,,,,,,,,,,,,,,,,,,,,,,,,,,,,,,,,,,0.899999999998613,12.700000000000955,7,range_failure_exit,3946,3953,7,2,0,6,7
legacy,,2026-02-19 20:55:00,2026-02-19 21:25:00,buy,154.856,154.908,5.19999999999925,signal_close,T-0135,"range mean-reversion buy confirmed by reentry from outside lower band; previous_close=154.821, latest_close=154.856, previous_lower=154.8314769530454, latest_lower=154.82217456624696; range because abs(range_slope)=0.000419 <= threshold=0.000500 and normalized_band_width=0.001330 <= threshold=0.003000 and distance_from_middle=0.000447 <= threshold=0.002000 (bollinger_period=20, bollinger_sigma=2.0, bollinger_extreme_sigma=3.0, range_ma_period=10, range_slope_lookback=5, range_slope_threshold=0.0005, range_band_width_threshold=0.003, range_middle_distance_threshold=0.002, trend_ma_period=15, trend_slope_lookback=2, trend_slope_threshold=0.0003, trend_price_position_filter_enabled=True, range_require_reentry_confirmation=True, trend_require_break_confirmation=True, exit_on_range_middle_band=True, close_on_opposite_trend_state=True, enable_range_failure_exit=True, range_failure_adverse_move_ratio=0.28, enable_range_extreme_touch_entry=False, state=range, middle=154.9252, upper=155.02822543375302, lower=154.82217456624696, upper_3sigma=155.07973815062954, lower_3sigma=154.77066184937044, previous_upper=155.02892304695462, previous_lower=154.8314769530454, normalized_band_width=0.001330, latest_band_width=0.206051, distance_from_middle=0.000447, range_slope=-0.000419, trend_slope=-0.000109, trend_current_ma=154.9174, latest_high=154.882, latest_low=154.82)",range,154.9252,155.02822543375302,154.82217456624696,0.0013300022688759777,-0.00041901380033910313,-0.00010930556111403257,154.9174,0.00044666716583225357,"buy position closed because range state returned to middle band: latest close 154.908 >= middle 154.90095000000002 (bollinger_period=20, bollinger_sigma=2.0, bollinger_extreme_sigma=3.0, range_ma_period=10, range_slope_lookback=5, range_slope_threshold=0.0005, range_band_width_threshold=0.003, range_middle_distance_threshold=0.002, trend_ma_period=15, trend_slope_lookback=2, trend_slope_threshold=0.0003, trend_price_position_filter_enabled=True, range_require_reentry_confirmation=True, trend_require_break_confirmation=True, exit_on_range_middle_band=True, close_on_opposite_trend_state=True, enable_range_failure_exit=True, range_failure_adverse_move_ratio=0.28, enable_range_extreme_touch_entry=False, state=range, middle=154.90095000000002, upper=155.009957293334, lower=154.79194270666605, upper_3sigma=155.064460940001, lower_3sigma=154.73743905999905, previous_upper=155.01713311102904, previous_lower=154.79096688897098, normalized_band_width=0.001407, latest_band_width=0.218015, distance_from_middle=0.000046, range_slope=-0.000121, trend_slope=-0.000033, trend_current_ma=154.8782, latest_high=154.929, latest_low=154.901)",range,154.90095000000002,155.009957293334,154.79194270666605,0.0014074451232736025,-0.0001214008365034158,-3.271387882002976e-05,154.8782,4.551295521405149e-05,,,,,,,,,,,,,,,,,,,,,,,,,,,,,,,,,,,,,,7.30000000000075,4.699999999999704,6,middle_touch_exit,3980,3986,5,1,6,5,6
legacy,,2026-02-20 00:00:00,2026-02-20 00:30:00,buy,154.942,154.868,-7.400000000001228,signal_close,T-0136,"range mean-reversion buy confirmed by reentry from outside lower band; previous_close=154.934, latest_close=154.942, previous_lower=154.9399675986681, latest_lower=154.92797393695616; range because abs(range_slope)=0.000330 <= threshold=0.000500 and normalized_band_width=0.001210 <= threshold=0.003000 and distance_from_middle=0.000514 <= threshold=0.002000 (bollinger_period=20, bollinger_sigma=2.0, bollinger_extreme_sigma=3.0, range_ma_period=10, range_slope_lookback=5, range_slope_threshold=0.0005, range_band_width_threshold=0.003, range_middle_distance_threshold=0.002, trend_ma_period=15, trend_slope_lookback=2, trend_slope_threshold=0.0003, trend_price_position_filter_enabled=True, range_require_reentry_confirmation=True, trend_require_break_confirmation=True, exit_on_range_middle_band=True, close_on_opposite_trend_state=True, enable_range_failure_exit=True, range_failure_adverse_move_ratio=0.28, enable_range_extreme_touch_entry=False, state=range, middle=155.02175, upper=155.11552606304383, lower=154.92797393695616, upper_3sigma=155.16241409456575, lower_3sigma=154.88108590543425, previous_upper=155.1128324013319, previous_lower=154.9399675986681, normalized_band_width=0.001210, latest_band_width=0.187552, distance_from_middle=0.000514, range_slope=-0.000330, trend_slope=-0.000128, trend_current_ma=155.00746666666666, latest_high=155.017, latest_low=154.942)",range,155.02175,155.11552606304383,154.92797393695616,0.0012098439482696247,-0.0003303571082912818,-0.00012773578219030048,155.00746666666666,0.0005144439409308049,"buy position closed because range recovery failed and adverse move resumed (entry_price=154.942, previous_close=154.878, latest_close=154.868, middle=154.97719999999998, band_width=0.23903003995314975) (bollinger_period=20, bollinger_sigma=2.0, bollinger_extreme_sigma=3.0, range_ma_period=10, range_slope_lookback=5, range_slope_threshold=0.0005, range_band_width_threshold=0.003, range_middle_distance_threshold=0.002, trend_ma_period=15, trend_slope_lookback=2, trend_slope_threshold=0.0003, trend_price_position_filter_enabled=True, range_require_reentry_confirmation=True, trend_require_break_confirmation=True, exit_on_range_middle_band=True, close_on_opposite_trend_state=True, enable_range_failure_exit=True, range_failure_adverse_move_ratio=0.28, enable_range_extreme_touch_entry=False, state=range, middle=154.97719999999998, upper=155.09671501997656, lower=154.8576849800234, upper_3sigma=155.15647252996484, lower_3sigma=154.79792747003512, previous_upper=155.10224885819355, previous_lower=154.87235114180646, normalized_band_width=0.001542, latest_band_width=0.239030, distance_from_middle=0.000705, range_slope=-0.000329, trend_slope=-0.000139, trend_current_ma=154.9544, latest_high=154.877, latest_low=154.867)",range,154.97719999999998,155.09671501997656,154.8576849800234,0.001542356165636944,-0.0003291828326633778,-0.00013853537987090875,154.9544,0.0007046197763283056,,,,,,,,,,,,,,,,,,,,,,,,,,,,,,,,,,,,,,5.400000000000205,7.500000000001705,6,range_failure_exit,4016,4022,6,3,6,6,6
legacy,,2026-02-20 03:10:00,2026-02-20 03:20:00,buy,155.102,155.185,8.29999999999984,signal_close,T-0137,"range mean-reversion buy confirmed by reentry from outside lower band; previous_close=155.017, latest_close=155.102, previous_lower=155.02150896454364, latest_lower=155.0248579358201; range because abs(range_slope)=0.000195 <= threshold=0.000500 and normalized_band_width=0.001269 <= threshold=0.003000 and distance_from_middle=0.000137 <= threshold=0.002000 (bollinger_period=20, bollinger_sigma=2.0, bollinger_extreme_sigma=3.0, range_ma_period=10, range_slope_lookback=5, range_slope_threshold=0.0005, range_band_width_threshold=0.003, range_middle_distance_threshold=0.002, trend_ma_period=15, trend_slope_lookback=2, trend_slope_threshold=0.0003, trend_price_position_filter_enabled=True, range_require_reentry_confirmation=True, trend_require_break_confirmation=True, exit_on_range_middle_band=True, close_on_opposite_trend_state=True, enable_range_failure_exit=True, range_failure_adverse_move_ratio=0.28, enable_range_extreme_touch_entry=False, state=range, middle=155.1233, upper=155.2217420641799, lower=155.0248579358201, upper_3sigma=155.27096309626987, lower_3sigma=154.97563690373013, previous_upper=155.22229103545638, previous_lower=155.02150896454364, normalized_band_width=0.001269, latest_band_width=0.196884, distance_from_middle=0.000137, range_slope=-0.000195, trend_slope=-0.000091, trend_current_ma=155.11046666666667, latest_high=155.108, latest_low=155.017)",range,155.1233,155.2217420641799,155.0248579358201,0.0012692105464477868,-0.0001953512841607573,-9.111785707983176e-05,155.11046666666667,0.0001373101268474597,"buy position closed because range state returned to middle band: latest close 155.185 >= middle 155.12095 (bollinger_period=20, bollinger_sigma=2.0, bollinger_extreme_sigma=3.0, range_ma_period=10, range_slope_lookback=5, range_slope_threshold=0.0005, range_band_width_threshold=0.003, range_middle_distance_threshold=0.002, trend_ma_period=15, trend_slope_lookback=2, trend_slope_threshold=0.0003, trend_price_position_filter_enabled=True, range_require_reentry_confirmation=True, trend_require_break_confirmation=True, exit_on_range_middle_band=True, close_on_opposite_trend_state=True, enable_range_failure_exit=True, range_failure_adverse_move_ratio=0.28, enable_range_extreme_touch_entry=False, state=range, middle=155.12095, upper=155.22385281823156, lower=155.01804718176842, upper_3sigma=155.27530422734736, lower_3sigma=154.96659577265262, previous_upper=155.22099250838968, previous_lower=155.0191074916103, normalized_band_width=0.001327, latest_band_width=0.205806, distance_from_middle=0.000413, range_slope=-0.000198, trend_slope=0.000027, trend_current_ma=155.1146, latest_high=155.198, latest_low=155.068)",range,155.12095,155.22385281823156,155.01804718176842,0.001326743012231035,-0.0001979392397458407,2.6646965104048472e-05,155.1146,0.0004129036084423724,,,,,,,,,,,,,,,,,,,,,,,,,,,,,,,,,,,,,,9.600000000000364,6.30000000000166,2,middle_touch_exit,4054,4056,0,0,0,0,0
legacy,,2026-02-20 03:35:00,2026-02-20 04:00:00,sell,155.27,155.136,13.400000000001455,signal_close,T-0138,"range mean-reversion sell confirmed by reentry from outside upper band; previous_close=155.275, latest_close=155.27, previous_upper=155.25333509122035, latest_upper=155.27027086964154; range because abs(range_slope)=0.000161 <= threshold=0.000500 and normalized_band_width=0.001772 <= threshold=0.003000 and distance_from_middle=0.000884 <= threshold=0.002000 (bollinger_period=20, bollinger_sigma=2.0, bollinger_extreme_sigma=3.0, range_ma_period=10, range_slope_lookback=5, range_slope_threshold=0.0005, range_band_width_threshold=0.003, range_middle_distance_threshold=0.002, trend_ma_period=15, trend_slope_lookback=2, trend_slope_threshold=0.0003, trend_price_position_filter_enabled=True, range_require_reentry_confirmation=True, trend_require_break_confirmation=True, exit_on_range_middle_band=True, close_on_opposite_trend_state=True, enable_range_failure_exit=True, range_failure_adverse_move_ratio=0.28, enable_range_extreme_touch_entry=False, state=range, middle=155.1328, upper=155.27027086964154, lower=154.99532913035847, upper_3sigma=155.33900630446232, lower_3sigma=154.9265936955377, previous_upper=155.25333509122035, previous_lower=155.0036649087796, normalized_band_width=0.001772, latest_band_width=0.274942, distance_from_middle=0.000884, range_slope=0.000161, trend_slope=0.000134, trend_current_ma=155.13673333333332, latest_high=155.289, latest_low=155.248)",range,155.1328,155.27027086964154,154.99532913035847,0.001772299212565396,0.0001605104360791514,0.00013364554537055367,155.13673333333332,0.0008844035561790098,"sell position closed because range state returned to middle band: latest close 155.136 <= middle 155.15109999999999 (bollinger_period=20, bollinger_sigma=2.0, bollinger_extreme_sigma=3.0, range_ma_period=10, range_slope_lookback=5, range_slope_threshold=0.0005, range_band_width_threshold=0.003, range_middle_distance_threshold=0.002, trend_ma_period=15, trend_slope_lookback=2, trend_slope_threshold=0.0003, trend_price_position_filter_enabled=True, range_require_reentry_confirmation=True, trend_require_break_confirmation=True, exit_on_range_middle_band=True, close_on_opposite_trend_state=True, enable_range_failure_exit=True, range_failure_adverse_move_ratio=0.28, enable_range_extreme_touch_entry=False, state=range, middle=155.15109999999999, upper=155.3008236120323, lower=155.00137638796767, upper_3sigma=155.37568541804845, lower_3sigma=154.92651458195152, previous_upper=155.30123464978567, previous_lower=154.9950653502143, normalized_band_width=0.001930, latest_band_width=0.299447, distance_from_middle=0.000097, range_slope=0.000431, trend_slope=0.000012, trend_current_ma=155.15146666666666, latest_high=155.152, latest_low=155.085)",range,155.15109999999999,155.3008236120323,155.00137638796767,0.0019300361007085092,0.00043106503347361066,1.2031253759616636e-05,155.15146666666666,9.732447916895001e-05,,,,,,,,,,,,,,,,,,,,,,,,,,,,,,,,,,,,,,18.500000000000227,2.6999999999986812,5,middle_touch_exit,4059,4064,0,0,2,4,5
legacy,,2026-02-20 06:40:00,2026-02-20 06:50:00,sell,155.15,155.205,-5.500000000000682,signal_close,T-0139,"range mean-reversion sell confirmed by reentry from outside upper band; previous_close=155.198, latest_close=155.15, previous_upper=155.19686084044955, latest_upper=155.1935775345827; range because abs(range_slope)=0.000072 <= threshold=0.000500 and normalized_band_width=0.000698 <= threshold=0.003000 and distance_from_middle=0.000068 <= threshold=0.002000 (bollinger_period=20, bollinger_sigma=2.0, bollinger_extreme_sigma=3.0, range_ma_period=10, range_slope_lookback=5, range_slope_threshold=0.0005, range_band_width_threshold=0.003, range_middle_distance_threshold=0.002, trend_ma_period=15, trend_slope_lookback=2, trend_slope_threshold=0.0003, trend_price_position_filter_enabled=True, range_require_reentry_confirmation=True, trend_require_break_confirmation=True, exit_on_range_middle_band=True, close_on_opposite_trend_state=True, enable_range_failure_exit=True, range_failure_adverse_move_ratio=0.28, enable_range_extreme_touch_entry=False, state=range, middle=155.13945, upper=155.1935775345827, lower=155.08532246541733, upper_3sigma=155.22064130187405, lower_3sigma=155.05825869812597, previous_upper=155.19686084044955, previous_lower=155.08453915955042, normalized_band_width=0.000698, latest_band_width=0.108255, distance_from_middle=0.000068, range_slope=0.000072, trend_slope=0.000021, trend_current_ma=155.13426666666666, latest_high=155.199, latest_low=155.15)",range,155.13945,155.1935775345827,155.08532246541733,0.0006977920133489729,7.15508155826009e-05,2.1057028449300833e-05,155.13426666666666,6.800333506400178e-05,"sell position closed because range recovery failed and adverse move resumed (entry_price=155.15, previous_close=155.172, latest_close=155.205, middle=155.1423, band_width=0.12325648055985994) (bollinger_period=20, bollinger_sigma=2.0, bollinger_extreme_sigma=3.0, range_ma_period=10, range_slope_lookback=5, range_slope_threshold=0.0005, range_band_width_threshold=0.003, range_middle_distance_threshold=0.002, trend_ma_period=15, trend_slope_lookback=2, trend_slope_threshold=0.0003, trend_price_position_filter_enabled=True, range_require_reentry_confirmation=True, trend_require_break_confirmation=True, exit_on_range_middle_band=True, close_on_opposite_trend_state=True, enable_range_failure_exit=True, range_failure_adverse_move_ratio=0.28, enable_range_extreme_touch_entry=False, state=range, middle=155.1423, upper=155.20392824027994, lower=155.08067175972008, upper_3sigma=155.2347423604199, lower_3sigma=155.04985763958013, previous_upper=155.19507703510982, previous_lower=155.08482296489018, normalized_band_width=0.000794, latest_band_width=0.123256, distance_from_middle=0.000404, range_slope=0.000190, trend_slope=0.000038, trend_current_ma=155.14013333333332, latest_high=155.205, latest_low=155.166)",range,155.1423,155.20392824027994,155.08067175972008,0.0007944737222527958,0.00019014078152381376,3.781527410484673e-05,155.14013333333332,0.00040414509775868116,,,,,,,,,,,,,,,,,,,,,,,,,,,,,,,,,,,,,,1.300000000000523,5.500000000000682,2,range_failure_exit,4096,4098,0,0,0,0,0
legacy,,2026-02-20 06:55:00,2026-02-20 07:35:00,sell,155.204,155.274,-6.999999999999318,signal_close,T-0140,"range mean-reversion sell confirmed by reentry from outside upper band; previous_close=155.205, latest_close=155.204, previous_upper=155.20392824027994, latest_upper=155.2117733926382; range because abs(range_slope)=0.000211 <= threshold=0.000500 and normalized_band_width=0.000865 <= threshold=0.003000 and distance_from_middle=0.000382 <= threshold=0.002000 (bollinger_period=20, bollinger_sigma=2.0, bollinger_extreme_sigma=3.0, range_ma_period=10, range_slope_lookback=5, range_slope_threshold=0.0005, range_band_width_threshold=0.003, range_middle_distance_threshold=0.002, trend_ma_period=15, trend_slope_lookback=2, trend_slope_threshold=0.0003, trend_price_position_filter_enabled=True, range_require_reentry_confirmation=True, trend_require_break_confirmation=True, exit_on_range_middle_band=True, close_on_opposite_trend_state=True, enable_range_failure_exit=True, range_failure_adverse_move_ratio=0.28, enable_range_extreme_touch_entry=False, state=range, middle=155.1447, upper=155.2117733926382, lower=155.0776266073618, upper_3sigma=155.24531008895732, lower_3sigma=155.04408991104268, previous_upper=155.20392824027994, previous_lower=155.08067175972008, normalized_band_width=0.000865, latest_band_width=0.134147, distance_from_middle=0.000382, range_slope=0.000211, trend_slope=0.000046, trend_current_ma=155.14393333333334, latest_high=155.22, latest_low=155.193)",range,155.1447,155.2117733926382,155.0776266073618,0.0008646559326642418,0.00021075603409997508,4.640851785381859e-05,155.14393333333334,0.000382223820729986,"sell position closed because range recovery failed and adverse move resumed (entry_price=155.204, previous_close=155.246, latest_close=155.274, middle=155.18054999999998, band_width=0.21114724719967626) (bollinger_period=20, bollinger_sigma=2.0, bollinger_extreme_sigma=3.0, range_ma_period=10, range_slope_lookback=5, range_slope_threshold=0.0005, range_band_width_threshold=0.003, range_middle_distance_threshold=0.002, trend_ma_period=15, trend_slope_lookback=2, trend_slope_threshold=0.0003, trend_price_position_filter_enabled=True, range_require_reentry_confirmation=True, trend_require_break_confirmation=True, exit_on_range_middle_band=True, close_on_opposite_trend_state=True, enable_range_failure_exit=True, range_failure_adverse_move_ratio=0.28, enable_range_extreme_touch_entry=False, state=range, middle=155.18054999999998, upper=155.28612362359982, lower=155.07497637640014, upper_3sigma=155.33891043539975, lower_3sigma=155.0221895646002, previous_upper=155.27158670666302, previous_lower=155.07601329333698, normalized_band_width=0.001361, latest_band_width=0.211147, distance_from_middle=0.000602, range_slope=0.000215, trend_slope=0.000133, trend_current_ma=155.20466666666667, latest_high=155.279, latest_low=155.235)",range,155.18054999999998,155.28612362359982,155.07497637640014,0.0013606553604796237,0.0002151738817561559,0.0001331575081503704,155.20466666666667,0.0006022017578879471,,,,,,,,,,,,,,,,,,,,,,,,,,,,,,,,,,,,,,3.4000000000020236,7.499999999998863,8,range_failure_exit,4099,4107,5,0,6,7,7
legacy,,2026-02-20 08:05:00,2026-02-20 08:20:00,sell,155.26,155.213,4.699999999999704,signal_close,T-0141,"range mean-reversion sell confirmed by reentry from outside upper band; previous_close=155.347, latest_close=155.26, previous_upper=155.3264116791495, latest_upper=155.32345423695938; range because abs(range_slope)=0.000227 <= threshold=0.000500 and normalized_band_width=0.001182 <= threshold=0.003000 and distance_from_middle=0.000182 <= threshold=0.002000 (bollinger_period=20, bollinger_sigma=2.0, bollinger_extreme_sigma=3.0, range_ma_period=10, range_slope_lookback=5, range_slope_threshold=0.0005, range_band_width_threshold=0.003, range_middle_distance_threshold=0.002, trend_ma_period=15, trend_slope_lookback=2, trend_slope_threshold=0.0003, trend_price_position_filter_enabled=True, range_require_reentry_confirmation=True, trend_require_break_confirmation=True, exit_on_range_middle_band=True, close_on_opposite_trend_state=True, enable_range_failure_exit=True, range_failure_adverse_move_ratio=0.28, enable_range_extreme_touch_entry=False, state=range, middle=155.2317, upper=155.32345423695938, lower=155.1399457630406, upper_3sigma=155.36933135543907, lower_3sigma=155.0940686445609, previous_upper=155.3264116791495, previous_lower=155.12368832085053, normalized_band_width=0.001182, latest_band_width=0.183508, distance_from_middle=0.000182, range_slope=0.000227, trend_slope=0.000099, trend_current_ma=155.24793333333335, latest_high=155.353, latest_low=155.234)",range,155.2317,155.32345423695938,155.1399457630406,0.0011821585018960547,0.00022671151089036315,9.876674686829439e-05,155.24793333333335,0.00018230812392057517,"sell position closed because range state returned to middle band: latest close 155.213 <= middle 155.23935 (bollinger_period=20, bollinger_sigma=2.0, bollinger_extreme_sigma=3.0, range_ma_period=10, range_slope_lookback=5, range_slope_threshold=0.0005, range_band_width_threshold=0.003, range_middle_distance_threshold=0.002, trend_ma_period=15, trend_slope_lookback=2, trend_slope_threshold=0.0003, trend_price_position_filter_enabled=True, range_require_reentry_confirmation=True, trend_require_break_confirmation=True, exit_on_range_middle_band=True, close_on_opposite_trend_state=True, enable_range_failure_exit=True, range_failure_adverse_move_ratio=0.28, enable_range_extreme_touch_entry=False, state=range, middle=155.23935, upper=155.3191780026056, lower=155.1595219973944, upper_3sigma=155.35909200390842, lower_3sigma=155.1196079960916, previous_upper=155.32446460219137, previous_lower=155.14793539780862, normalized_band_width=0.001028, latest_band_width=0.159656, distance_from_middle=0.000170, range_slope=0.000107, trend_slope=0.000016, trend_current_ma=155.25253333333333, latest_high=155.251, latest_low=155.212)",range,155.23935,155.3191780026056,155.1595219973944,0.0010284506164913608,0.0001069135726137087,1.6317500777220808e-05,155.25253333333333,0.00016973789184255065,,,,,,,,,,,,,,,,,,,,,,,,,,,,,,,,,,,,,,5.89999999999975,2.7000000000015234,3,middle_touch_exit,4113,4116,0,2,0,0,2
legacy,,2026-02-20 09:20:00,2026-02-20 09:45:00,buy,155.038,155.129,9.099999999997976,signal_close,T-0142,"range mean-reversion buy confirmed by reentry from outside lower band; previous_close=155.033, latest_close=155.038, previous_lower=155.0351047053182, latest_lower=155.0123915667271; range because abs(range_slope)=0.000483 <= threshold=0.000500 and normalized_band_width=0.002252 <= threshold=0.003000 and distance_from_middle=0.000961 <= threshold=0.002000 (bollinger_period=20, bollinger_sigma=2.0, bollinger_extreme_sigma=3.0, range_ma_period=10, range_slope_lookback=5, range_slope_threshold=0.0005, range_band_width_threshold=0.003, range_middle_distance_threshold=0.002, trend_ma_period=15, trend_slope_lookback=2, trend_slope_threshold=0.0003, trend_price_position_filter_enabled=True, range_require_reentry_confirmation=True, trend_require_break_confirmation=True, exit_on_range_middle_band=True, close_on_opposite_trend_state=True, enable_range_failure_exit=True, range_failure_adverse_move_ratio=0.28, enable_range_extreme_touch_entry=False, state=range, middle=155.18715, upper=155.3619084332729, lower=155.0123915667271, upper_3sigma=155.44928764990937, lower_3sigma=154.92501235009064, previous_upper=155.3607952946818, previous_lower=155.0351047053182, normalized_band_width=0.002252, latest_band_width=0.349517, distance_from_middle=0.000961, range_slope=-0.000483, trend_slope=-0.000230, trend_current_ma=155.15373333333335, latest_high=155.064, latest_low=155.027)",range,155.18715,155.3619084332729,155.0123915667271,0.002252228142251457,-0.00048347857029596016,-0.00023030920729800363,155.15373333333335,0.0009610976166518405,"buy position closed because range state returned to middle band: latest close 155.129 >= middle 155.12619999999998 (bollinger_period=20, bollinger_sigma=2.0, bollinger_extreme_sigma=3.0, range_ma_period=10, range_slope_lookback=5, range_slope_threshold=0.0005, range_band_width_threshold=0.003, range_middle_distance_threshold=0.002, trend_ma_period=15, trend_slope_lookback=2, trend_slope_threshold=0.0003, trend_price_position_filter_enabled=True, range_require_reentry_confirmation=True, trend_require_break_confirmation=True, exit_on_range_middle_band=True, close_on_opposite_trend_state=True, enable_range_failure_exit=True, range_failure_adverse_move_ratio=0.28, enable_range_extreme_touch_entry=False, state=range, middle=155.12619999999998, upper=155.29562325696313, lower=154.95677674303684, upper_3sigma=155.3803348854447, lower_3sigma=154.87206511455526, previous_upper=155.31194695867953, previous_lower=154.95355304132045, normalized_band_width=0.002184, latest_band_width=0.338847, distance_from_middle=0.000018, range_slope=-0.000479, trend_slope=-0.000063, trend_current_ma=155.0984, latest_high=155.14, latest_low=155.076)",range,155.12619999999998,155.29562325696313,154.95677674303684,0.0021843280756331613,-0.0004785503664585886,-6.318569372741877e-05,155.0984,1.8049820082021513e-05,,,,,,,,,,,,,,,,,,,,,,,,,,,,,,,,,,,,,,10.199999999997544,9.300000000001774,5,middle_touch_exit,4128,4133,5,3,5,4,5
legacy,,2026-02-20 15:40:00,2026-02-20 16:50:00,sell,155.348,155.357,-0.899999999998613,signal_close,T-0143,"range mean-reversion sell confirmed by reentry from outside upper band; previous_close=155.361, latest_close=155.348, previous_upper=155.33423349804391, latest_upper=155.35294542039563; range because abs(range_slope)=0.000139 <= threshold=0.000500 and normalized_band_width=0.001547 <= threshold=0.003000 and distance_from_middle=0.000742 <= threshold=0.002000 (bollinger_period=20, bollinger_sigma=2.0, bollinger_extreme_sigma=3.0, range_ma_period=10, range_slope_lookback=5, range_slope_threshold=0.0005, range_band_width_threshold=0.003, range_middle_distance_threshold=0.002, trend_ma_period=15, trend_slope_lookback=2, trend_slope_threshold=0.0003, trend_price_position_filter_enabled=True, range_require_reentry_confirmation=True, trend_require_break_confirmation=True, exit_on_range_middle_band=True, close_on_opposite_trend_state=True, enable_range_failure_exit=True, range_failure_adverse_move_ratio=0.28, enable_range_extreme_touch_entry=False, state=range, middle=155.23285, upper=155.35294542039563, lower=155.1127545796044, upper_3sigma=155.41299313059343, lower_3sigma=155.0527068694066, previous_upper=155.33423349804391, previous_lower=155.11836650195605, normalized_band_width=0.001547, latest_band_width=0.240191, distance_from_middle=0.000742, range_slope=0.000139, trend_slope=0.000074, trend_current_ma=155.22273333333334, latest_high=155.413, latest_low=155.34)",range,155.23285,155.35294542039563,155.1127545796044,0.0015472938929564763,0.00013915284264781125,7.387234086423233e-05,155.22273333333334,0.0007417888674980834,"sell position closed because range state returned to middle band: latest close 155.357 <= middle 155.37735 (bollinger_period=20, bollinger_sigma=2.0, bollinger_extreme_sigma=3.0, range_ma_period=10, range_slope_lookback=5, range_slope_threshold=0.0005, range_band_width_threshold=0.003, range_middle_distance_threshold=0.002, trend_ma_period=15, trend_slope_lookback=2, trend_slope_threshold=0.0003, trend_price_position_filter_enabled=True, range_require_reentry_confirmation=True, trend_require_break_confirmation=True, exit_on_range_middle_band=True, close_on_opposite_trend_state=True, enable_range_failure_exit=True, range_failure_adverse_move_ratio=0.28, enable_range_extreme_touch_entry=False, state=range, middle=155.37735, upper=155.58131006962148, lower=155.17338993037853, upper_3sigma=155.68329010443222, lower_3sigma=155.0714098955678, previous_upper=155.59008572349163, previous_lower=155.1467142765084, normalized_band_width=0.002625, latest_band_width=0.407920, distance_from_middle=0.000131, range_slope=0.000005, trend_slope=0.000047, trend_current_ma=155.42700000000002, latest_high=155.434, latest_low=155.355)",range,155.37735,155.58131006962148,155.17338993037853,0.002625351373562149,5.146908863029403e-06,4.675292366647328e-05,155.42700000000002,0.00013097147042350534,,,,,,,,,,,,,,,,,,,,,,,,,,,,,,,,,,,,,,3.300000000001546,17.799999999999727,14,middle_touch_exit,4204,4218,8,2,12,11,13
legacy,,2026-02-20 17:25:00,2026-02-20 18:35:00,sell,154.871,155.071,-19.999999999998863,sl_hit,T-0144,"trend-follow sell confirmed by lower band breakout; previous_close=155.063, latest_close=154.871, previous_lower=155.00293919796798, latest_lower=154.91996952511354; trend_down because trend_slope=-0.000439 < -threshold=0.000300 and latest_close=154.871 <= trend_ma=155.27686666666665 (bollinger_period=20, bollinger_sigma=2.0, bollinger_extreme_sigma=3.0, range_ma_period=10, range_slope_lookback=5, range_slope_threshold=0.0005, range_band_width_threshold=0.003, range_middle_distance_threshold=0.002, trend_ma_period=15, trend_slope_lookback=2, trend_slope_threshold=0.0003, trend_price_position_filter_enabled=True, range_require_reentry_confirmation=True, trend_require_break_confirmation=True, exit_on_range_middle_band=True, close_on_opposite_trend_state=True, enable_range_failure_exit=True, range_failure_adverse_move_ratio=0.28, enable_range_extreme_touch_entry=False, state=trend_down, middle=155.32175, upper=155.72353047488647, lower=154.91996952511354, upper_3sigma=155.92442071232972, lower_3sigma=154.7190792876703, previous_upper=155.69356080203204, previous_lower=155.00293919796798, normalized_band_width=0.005174, latest_band_width=0.803561, distance_from_middle=0.002902, range_slope=-0.001407, trend_slope=-0.000439, trend_current_ma=155.27686666666665, latest_high=155.086, latest_low=154.852)",trend_down,155.32175,155.72353047488647,154.91996952511354,0.005173524955602996,-0.0014072355360478627,-0.00043921545729296463,155.27686666666665,0.0029020404418569792,,,,,,,,,,,,,,,,,,,,,,,,,,,,,,,,,,,,,,,,,,,,,,,,15.999999999999659,20.999999999997954,14,,4225,4239,7,4,9,10,12
legacy,,2026-02-23 00:05:00,2026-02-23 01:05:00,buy,154.904,154.839,-6.499999999999773,signal_close,T-0145,"range mean-reversion buy confirmed by reentry from outside lower band; previous_close=154.891, latest_close=154.904, previous_lower=154.91707082853512, latest_lower=154.90191993004382; range because abs(range_slope)=0.000126 <= threshold=0.000500 and normalized_band_width=0.001208 <= threshold=0.003000 and distance_from_middle=0.000591 <= threshold=0.002000 (bollinger_period=20, bollinger_sigma=2.0, bollinger_extreme_sigma=3.0, range_ma_period=10, range_slope_lookback=5, range_slope_threshold=0.0005, range_band_width_threshold=0.003, range_middle_distance_threshold=0.002, trend_ma_period=15, trend_slope_lookback=2, trend_slope_threshold=0.0003, trend_price_position_filter_enabled=True, range_require_reentry_confirmation=True, trend_require_break_confirmation=True, exit_on_range_middle_band=True, close_on_opposite_trend_state=True, enable_range_failure_exit=True, range_failure_adverse_move_ratio=0.28, enable_range_extreme_touch_entry=False, state=range, middle=154.99555, upper=155.0891800699562, lower=154.90191993004382, upper_3sigma=155.13599510493427, lower_3sigma=154.85510489506575, previous_upper=155.08712917146485, previous_lower=154.91707082853512, normalized_band_width=0.001208, latest_band_width=0.187260, distance_from_middle=0.000591, range_slope=-0.000126, trend_slope=-0.000088, trend_current_ma=154.9872, latest_high=154.904, latest_low=154.885)",range,154.99555,155.0891800699562,154.90191993004382,0.0012081646209351322,-0.00012647503118317364,-8.774918186771749e-05,154.9872,0.000590662119009302,"buy position closed because range recovery failed and adverse move resumed (entry_price=154.904, previous_close=154.878, latest_close=154.839, middle=154.9303, band_width=0.21135411044025432) (bollinger_period=20, bollinger_sigma=2.0, bollinger_extreme_sigma=3.0, range_ma_period=10, range_slope_lookback=5, range_slope_threshold=0.0005, range_band_width_threshold=0.003, range_middle_distance_threshold=0.002, trend_ma_period=15, trend_slope_lookback=2, trend_slope_threshold=0.0003, trend_price_position_filter_enabled=True, range_require_reentry_confirmation=True, trend_require_break_confirmation=True, exit_on_range_middle_band=True, close_on_opposite_trend_state=True, enable_range_failure_exit=True, range_failure_adverse_move_ratio=0.28, enable_range_extreme_touch_entry=False, state=range, middle=154.9303, upper=155.03597705522012, lower=154.82462294477986, upper_3sigma=155.0888155828302, lower_3sigma=154.77178441716978, previous_upper=155.03493786221435, previous_lower=154.83866213778566, normalized_band_width=0.001364, latest_band_width=0.211354, distance_from_middle=0.000589, range_slope=-0.000118, trend_slope=-0.000146, trend_current_ma=154.9116, latest_high=154.89, latest_low=154.825)",range,154.9303,155.03597705522012,154.82462294477986,0.0013641883507632421,-0.00011813928686466866,-0.00014632000874485938,154.9116,0.0005892972517318416,,,,,,,,,,,,,,,,,,,,,,,,,,,,,,,,,,,,,,3.900000000001569,7.900000000000773,12,range_failure_exit,4303,4315,1,0,2,6,8
legacy,,2026-02-23 05:15:00,2026-02-23 05:50:00,sell,154.349,154.284,6.499999999999773,signal_close,T-0146,"range mean-reversion sell confirmed by reentry from outside upper band; previous_close=154.372, latest_close=154.349, previous_upper=154.33519746900294, latest_upper=154.35425057603555; range because abs(range_slope)=0.000479 <= threshold=0.000500 and normalized_band_width=0.001688 <= threshold=0.003000 and distance_from_middle=0.000810 <= threshold=0.002000 (bollinger_period=20, bollinger_sigma=2.0, bollinger_extreme_sigma=3.0, range_ma_period=10, range_slope_lookback=5, range_slope_threshold=0.0005, range_band_width_threshold=0.003, range_middle_distance_threshold=0.002, trend_ma_period=15, trend_slope_lookback=2, trend_slope_threshold=0.0003, trend_price_position_filter_enabled=True, range_require_reentry_confirmation=True, trend_require_break_confirmation=True, exit_on_range_middle_band=True, close_on_opposite_trend_state=True, enable_range_failure_exit=True, range_failure_adverse_move_ratio=0.28, enable_range_extreme_touch_entry=False, state=range, middle=154.22404999999998, upper=154.35425057603555, lower=154.0938494239644, upper_3sigma=154.41935086405337, lower_3sigma=154.02874913594658, previous_upper=154.33519746900294, previous_lower=154.10110253099703, normalized_band_width=0.001688, latest_band_width=0.260401, distance_from_middle=0.000810, range_slope=0.000479, trend_slope=0.000140, trend_current_ma=154.23266666666666, latest_high=154.374, latest_low=154.32)",range,154.22404999999998,154.35425057603555,154.0938494239644,0.0016884600817521898,0.0004790287190357778,0.00014048039974243708,154.23266666666666,0.0008101849225202721,"sell position closed because range state returned to middle band: latest close 154.284 <= middle 154.28455 (bollinger_period=20, bollinger_sigma=2.0, bollinger_extreme_sigma=3.0, range_ma_period=10, range_slope_lookback=5, range_slope_threshold=0.0005, range_band_width_threshold=0.003, range_middle_distance_threshold=0.002, trend_ma_period=15, trend_slope_lookback=2, trend_slope_threshold=0.0003, trend_price_position_filter_enabled=True, range_require_reentry_confirmation=True, trend_require_break_confirmation=True, exit_on_range_middle_band=True, close_on_opposite_trend_state=True, enable_range_failure_exit=True, range_failure_adverse_move_ratio=0.28, enable_range_extreme_touch_entry=False, state=range, middle=154.28455, upper=154.4403543324173, lower=154.1287456675827, upper_3sigma=154.51825649862593, lower_3sigma=154.05084350137406, previous_upper=154.44952902635242, previous_lower=154.10197097364755, normalized_band_width=0.002020, latest_band_width=0.311609, distance_from_middle=0.000004, range_slope=0.000285, trend_slope=0.000083, trend_current_ma=154.31726666666665, latest_high=154.338, latest_low=154.271)",range,154.28455,154.4403543324173,154.1287456675827,0.002019701031856916,0.00028506197506473964,8.337801041059223e-05,154.31726666666665,3.564841716192887e-06,,,,,,,,,,,,,,,,,,,,,,,,,,,,,,,,,,,,,,7.800000000000296,7.800000000000296,7,middle_touch_exit,4365,4372,5,2,5,6,7
legacy,,2026-02-23 08:20:00,2026-02-23 08:50:00,buy,154.281,154.414,13.299999999998136,signal_close,T-0147,"range mean-reversion buy confirmed by reentry from outside lower band; previous_close=154.228, latest_close=154.281, previous_lower=154.28858745829362, latest_lower=154.27068835563256; range because abs(range_slope)=0.000488 <= threshold=0.000500 and normalized_band_width=0.001685 <= threshold=0.003000 and distance_from_middle=0.000776 <= threshold=0.002000 (bollinger_period=20, bollinger_sigma=2.0, bollinger_extreme_sigma=3.0, range_ma_period=10, range_slope_lookback=5, range_slope_threshold=0.0005, range_band_width_threshold=0.003, range_middle_distance_threshold=0.002, trend_ma_period=15, trend_slope_lookback=2, trend_slope_threshold=0.0003, trend_price_position_filter_enabled=True, range_require_reentry_confirmation=True, trend_require_break_confirmation=True, exit_on_range_middle_band=True, close_on_opposite_trend_state=True, enable_range_failure_exit=True, range_failure_adverse_move_ratio=0.28, enable_range_extreme_touch_entry=False, state=range, middle=154.4008, upper=154.53091164436745, lower=154.27068835563256, upper_3sigma=154.59596746655117, lower_3sigma=154.20563253344883, previous_upper=154.52461254170638, previous_lower=154.28858745829362, normalized_band_width=0.001685, latest_band_width=0.260223, distance_from_middle=0.000776, range_slope=-0.000488, trend_slope=-0.000141, trend_current_ma=154.39893333333333, latest_high=154.284, latest_low=154.236)",range,154.4008,154.53091164436745,154.27068835563256,0.0016853752618826577,-0.0004884381380790124,-0.00014076090335691607,154.39893333333333,0.0007759027155299577,"buy position closed because range state returned to middle band: latest close 154.414 >= middle 154.37295 (bollinger_period=20, bollinger_sigma=2.0, bollinger_extreme_sigma=3.0, range_ma_period=10, range_slope_lookback=5, range_slope_threshold=0.0005, range_band_width_threshold=0.003, range_middle_distance_threshold=0.002, trend_ma_period=15, trend_slope_lookback=2, trend_slope_threshold=0.0003, trend_price_position_filter_enabled=True, range_require_reentry_confirmation=True, trend_require_break_confirmation=True, exit_on_range_middle_band=True, close_on_opposite_trend_state=True, enable_range_failure_exit=True, range_failure_adverse_move_ratio=0.28, enable_range_extreme_touch_entry=False, state=range, middle=154.37295, upper=154.5247518115834, lower=154.2211481884166, upper_3sigma=154.60065271737508, lower_3sigma=154.14524728262492, previous_upper=154.5344038898952, previous_lower=154.21819611010477, normalized_band_width=0.001967, latest_band_width=0.303604, distance_from_middle=0.000266, range_slope=-0.000251, trend_slope=-0.000038, trend_current_ma=154.34726666666666, latest_high=154.421, latest_low=154.353)",range,154.37295,154.5247518115834,154.2211481884166,0.001966689262379151,-0.00025079564432126556,-3.8009527433749326e-05,154.34726666666666,0.0002659144623457948,,,,,,,,,,,,,,,,,,,,,,,,,,,,,,,,,,,,,,13.999999999998636,6.30000000000166,6,middle_touch_exit,4402,4408,0,0,2,4,5
legacy,,2026-02-23 11:55:00,2026-02-23 12:55:00,sell,154.817,154.794,2.2999999999996135,signal_close,T-0148,"range mean-reversion sell confirmed by reentry from outside upper band; previous_close=154.856, latest_close=154.817, previous_upper=154.8396417209638, latest_upper=154.84525384938058; range because abs(range_slope)=0.000299 <= threshold=0.000500 and normalized_band_width=0.001511 <= threshold=0.003000 and distance_from_middle=0.000573 <= threshold=0.002000 (bollinger_period=20, bollinger_sigma=2.0, bollinger_extreme_sigma=3.0, range_ma_period=10, range_slope_lookback=5, range_slope_threshold=0.0005, range_band_width_threshold=0.003, range_middle_distance_threshold=0.002, trend_ma_period=15, trend_slope_lookback=2, trend_slope_threshold=0.0003, trend_price_position_filter_enabled=True, range_require_reentry_confirmation=True, trend_require_break_confirmation=True, exit_on_range_middle_band=True, close_on_opposite_trend_state=True, enable_range_failure_exit=True, range_failure_adverse_move_ratio=0.28, enable_range_extreme_touch_entry=False, state=range, middle=154.72835, upper=154.84525384938058, lower=154.61144615061943, upper_3sigma=154.9037057740709, lower_3sigma=154.55299422592913, previous_upper=154.8396417209638, previous_lower=154.5953582790362, normalized_band_width=0.001511, latest_band_width=0.233808, distance_from_middle=0.000573, range_slope=0.000299, trend_slope=0.000137, trend_current_ma=154.7502, latest_high=154.865, latest_low=154.813)",range,154.72835,154.84525384938058,154.61144615061943,0.0015110850646384735,0.00029850746268656007,0.00013656417460736298,154.7502,0.0005729396067365886,"sell position closed because range state returned to middle band: latest close 154.794 <= middle 154.81765000000001 (bollinger_period=20, bollinger_sigma=2.0, bollinger_extreme_sigma=3.0, range_ma_period=10, range_slope_lookback=5, range_slope_threshold=0.0005, range_band_width_threshold=0.003, range_middle_distance_threshold=0.002, trend_ma_period=15, trend_slope_lookback=2, trend_slope_threshold=0.0003, trend_price_position_filter_enabled=True, range_require_reentry_confirmation=True, trend_require_break_confirmation=True, exit_on_range_middle_band=True, close_on_opposite_trend_state=True, enable_range_failure_exit=True, range_failure_adverse_move_ratio=0.28, enable_range_extreme_touch_entry=False, state=range, middle=154.81765000000001, upper=154.90751272864765, lower=154.72778727135238, upper_3sigma=154.9524440929715, lower_3sigma=154.68285590702854, previous_upper=154.90948616919525, previous_lower=154.72151383080472, normalized_band_width=0.001161, latest_band_width=0.179725, distance_from_middle=0.000153, range_slope=0.000099, trend_slope=0.000027, trend_current_ma=154.8365333333333, latest_high=154.844, latest_low=154.789)",range,154.81765000000001,154.90751272864765,154.72778727135238,0.0011608848041244808,9.945114591613968e-05,2.6694819654933535e-05,154.8365333333333,0.00015276036033361505,,,,,,,,,,,,,,,,,,,,,,,,,,,,,,,,,,,,,,5.800000000002115,7.999999999998408,12,middle_touch_exit,4445,4457,1,11,0,5,11
legacy,,2026-02-23 13:35:00,2026-02-23 14:25:00,sell,154.931,155.026,-9.499999999999886,signal_close,T-0149,"range mean-reversion sell confirmed by reentry from outside upper band; previous_close=154.946, latest_close=154.931, previous_upper=154.9247273499234, latest_upper=154.93847144913943; range because abs(range_slope)=0.000065 <= threshold=0.000500 and normalized_band_width=0.001201 <= threshold=0.003000 and distance_from_middle=0.000552 <= threshold=0.002000 (bollinger_period=20, bollinger_sigma=2.0, bollinger_extreme_sigma=3.0, range_ma_period=10, range_slope_lookback=5, range_slope_threshold=0.0005, range_band_width_threshold=0.003, range_middle_distance_threshold=0.002, trend_ma_period=15, trend_slope_lookback=2, trend_slope_threshold=0.0003, trend_price_position_filter_enabled=True, range_require_reentry_confirmation=True, trend_require_break_confirmation=True, exit_on_range_middle_band=True, close_on_opposite_trend_state=True, enable_range_failure_exit=True, range_failure_adverse_move_ratio=0.28, enable_range_extreme_touch_entry=False, state=range, middle=154.84545, upper=154.93847144913943, lower=154.75242855086057, upper_3sigma=154.98498217370914, lower_3sigma=154.70591782629086, previous_upper=154.9247273499234, previous_lower=154.75477265007663, normalized_band_width=0.001201, latest_band_width=0.186043, distance_from_middle=0.000552, range_slope=0.000065, trend_slope=0.000071, trend_current_ma=154.84953333333334, latest_high=154.951, latest_low=154.918)",range,154.84545,154.93847144913943,154.75242855086057,0.0012014747496865825,6.522702232827033e-05,7.060617554345372e-05,154.84953333333334,0.0005524863662446137,"sell position closed because range recovery failed and adverse move resumed (entry_price=154.931, previous_close=154.961, latest_close=155.026, middle=154.8946, band_width=0.28329602891676586) (bollinger_period=20, bollinger_sigma=2.0, bollinger_extreme_sigma=3.0, range_ma_period=10, range_slope_lookback=5, range_slope_threshold=0.0005, range_band_width_threshold=0.003, range_middle_distance_threshold=0.002, trend_ma_period=15, trend_slope_lookback=2, trend_slope_threshold=0.0003, trend_price_position_filter_enabled=True, range_require_reentry_confirmation=True, trend_require_break_confirmation=True, exit_on_range_middle_band=True, close_on_opposite_trend_state=True, enable_range_failure_exit=True, range_failure_adverse_move_ratio=0.28, enable_range_extreme_touch_entry=False, state=range, middle=154.8946, upper=155.03624801445838, lower=154.7529519855416, upper_3sigma=155.10707202168757, lower_3sigma=154.68212797831242, previous_upper=155.0153544364903, previous_lower=154.75444556350968, normalized_band_width=0.001829, latest_band_width=0.283296, distance_from_middle=0.000848, range_slope=0.000233, trend_slope=0.000148, trend_current_ma=154.924, latest_high=155.043, latest_low=154.952)",range,154.8946,155.03624801445838,154.7529519855416,0.0018289600083977483,0.00023298529675617788,0.00014845989001074434,154.924,0.0008483187922626968,,,,,,,,,,,,,,,,,,,,,,,,,,,,,,,,,,,,,,7.30000000000075,11.199999999999477,10,range_failure_exit,4465,4475,2,0,7,10,10
legacy,,2026-02-24 00:15:00,2026-02-24 01:00:00,buy,154.631,154.535,-9.600000000000364,signal_close,T-0150,"range mean-reversion buy confirmed by reentry from outside lower band; previous_close=154.61, latest_close=154.631, previous_lower=154.6142869493715, latest_lower=154.6078191409472; range because abs(range_slope)=0.000270 <= threshold=0.000500 and normalized_band_width=0.001081 <= threshold=0.003000 and distance_from_middle=0.000390 <= threshold=0.002000 (bollinger_period=20, bollinger_sigma=2.0, bollinger_extreme_sigma=3.0, range_ma_period=10, range_slope_lookback=5, range_slope_threshold=0.0005, range_band_width_threshold=0.003, range_middle_distance_threshold=0.002, trend_ma_period=15, trend_slope_lookback=2, trend_slope_threshold=0.0003, trend_price_position_filter_enabled=True, range_require_reentry_confirmation=True, trend_require_break_confirmation=True, exit_on_range_middle_band=True, close_on_opposite_trend_state=True, enable_range_failure_exit=True, range_failure_adverse_move_ratio=0.28, enable_range_extreme_touch_entry=False, state=range, middle=154.6914, upper=154.77498085905276, lower=154.6078191409472, upper_3sigma=154.81677128857913, lower_3sigma=154.56602871142084, previous_upper=154.77291305062852, previous_lower=154.6142869493715, normalized_band_width=0.001081, latest_band_width=0.167162, distance_from_middle=0.000390, range_slope=-0.000270, trend_slope=-0.000072, trend_current_ma=154.69073333333333, latest_high=154.635, latest_low=154.605)",range,154.6914,154.77498085905276,154.6078191409472,0.0010806141653999298,-0.0002702398669747161,-7.240252702059499e-05,154.69073333333333,0.0003904548022707606,"buy position closed because range recovery failed and adverse move resumed (entry_price=154.631, previous_close=154.604, latest_close=154.535, middle=154.6432, band_width=0.24841127188597056) (bollinger_period=20, bollinger_sigma=2.0, bollinger_extreme_sigma=3.0, range_ma_period=10, range_slope_lookback=5, range_slope_threshold=0.0005, range_band_width_threshold=0.003, range_middle_distance_threshold=0.002, trend_ma_period=15, trend_slope_lookback=2, trend_slope_threshold=0.0003, trend_price_position_filter_enabled=True, range_require_reentry_confirmation=True, trend_require_break_confirmation=True, exit_on_range_middle_band=True, close_on_opposite_trend_state=True, enable_range_failure_exit=True, range_failure_adverse_move_ratio=0.28, enable_range_extreme_touch_entry=False, state=range, middle=154.6432, upper=154.767405635943, lower=154.51899436405702, upper_3sigma=154.82950845391449, lower_3sigma=154.45689154608553, previous_upper=154.76917809227507, previous_lower=154.53492190772494, normalized_band_width=0.001606, latest_band_width=0.248411, distance_from_middle=0.000700, range_slope=-0.000223, trend_slope=-0.000125, trend_current_ma=154.61426666666665, latest_high=154.593, latest_low=154.533)",range,154.6432,154.767405635943,154.51899436405702,0.0016063510835650746,-0.00022251330066789626,-0.000124611182926722,154.61426666666665,0.0006996751231221983,,,,,,,,,,,,,,,,,,,,,,,,,,,,,,,,,,,,,,0.8000000000009777,9.800000000001319,9,range_failure_exit,4592,4601,7,0,7,9,9
legacy,,2026-02-24 01:35:00,2026-02-24 01:40:00,sell,154.616,154.562,5.400000000000205,signal_close,T-0151,"range mean-reversion sell confirmed by reentry from outside upper band; previous_close=154.697, latest_close=154.616, previous_upper=154.69204233505485, latest_upper=154.6754052366586; range because abs(range_slope)=0.000146 <= threshold=0.000500 and normalized_band_width=0.000874 <= threshold=0.003000 and distance_from_middle=0.000053 <= threshold=0.002000 (bollinger_period=20, bollinger_sigma=2.0, bollinger_extreme_sigma=3.0, range_ma_period=10, range_slope_lookback=5, range_slope_threshold=0.0005, range_band_width_threshold=0.003, range_middle_distance_threshold=0.002, trend_ma_period=15, trend_slope_lookback=2, trend_slope_threshold=0.0003, trend_price_position_filter_enabled=True, range_require_reentry_confirmation=True, trend_require_break_confirmation=True, exit_on_range_middle_band=True, close_on_opposite_trend_state=True, enable_range_failure_exit=True, range_failure_adverse_move_ratio=0.28, enable_range_extreme_touch_entry=False, state=range, middle=154.60785, upper=154.6754052366586, lower=154.54029476334142, upper_3sigma=154.70918285498792, lower_3sigma=154.5065171450121, previous_upper=154.69204233505485, previous_lower=154.53255766494516, normalized_band_width=0.000874, latest_band_width=0.135110, distance_from_middle=0.000053, range_slope=0.000146, trend_slope=0.000022, trend_current_ma=154.60420000000002, latest_high=154.699, latest_low=154.608)",range,154.60785,154.6754052366586,154.54029476334142,0.0008738914183023936,0.00014552915045908276,2.2422849228523433e-05,154.60420000000002,5.271401161066883e-05,"sell position closed because range state returned to middle band: latest close 154.562 <= middle 154.60495 (bollinger_period=20, bollinger_sigma=2.0, bollinger_extreme_sigma=3.0, range_ma_period=10, range_slope_lookback=5, range_slope_threshold=0.0005, range_band_width_threshold=0.003, range_middle_distance_threshold=0.002, trend_ma_period=15, trend_slope_lookback=2, trend_slope_threshold=0.0003, trend_price_position_filter_enabled=True, range_require_reentry_confirmation=True, trend_require_break_confirmation=True, exit_on_range_middle_band=True, close_on_opposite_trend_state=True, enable_range_failure_exit=True, range_failure_adverse_move_ratio=0.28, enable_range_extreme_touch_entry=False, state=range, middle=154.60495, upper=154.67509976835314, lower=154.53480023164687, upper_3sigma=154.71017465252973, lower_3sigma=154.49972534747027, previous_upper=154.6754052366586, previous_lower=154.54029476334142, normalized_band_width=0.000907, latest_band_width=0.140300, distance_from_middle=0.000278, range_slope=0.000135, trend_slope=-0.000028, trend_current_ma=154.60080000000002, latest_high=154.618, latest_low=154.521)",range,154.60495,154.67509976835314,154.53480023164687,0.0009074711819140708,0.00013518320882237488,-2.8029177943031833e-05,154.60080000000002,0.00027780481802161246,,,,,,,,,,,,,,,,,,,,,,,,,,,,,,,,,,,,,,9.500000000002728,0.1999999999981128,1,middle_touch_exit,4608,4609,0,0,0,0,0
legacy,,2026-02-24 02:20:00,2026-02-24 02:55:00,sell,154.753,154.867,-11.400000000000432,signal_close,T-0152,"range mean-reversion sell confirmed by reentry from outside upper band; previous_close=154.772, latest_close=154.753, previous_upper=154.7661449357765, latest_upper=154.78223123760418; range because abs(range_slope)=0.000357 <= threshold=0.000500 and normalized_band_width=0.001814 <= threshold=0.003000 and distance_from_middle=0.000718 <= threshold=0.002000 (bollinger_period=20, bollinger_sigma=2.0, bollinger_extreme_sigma=3.0, range_ma_period=10, range_slope_lookback=5, range_slope_threshold=0.0005, range_band_width_threshold=0.003, range_middle_distance_threshold=0.002, trend_ma_period=15, trend_slope_lookback=2, trend_slope_threshold=0.0003, trend_price_position_filter_enabled=True, range_require_reentry_confirmation=True, trend_require_break_confirmation=True, exit_on_range_middle_band=True, close_on_opposite_trend_state=True, enable_range_failure_exit=True, range_failure_adverse_move_ratio=0.28, enable_range_extreme_touch_entry=False, state=range, middle=154.642, upper=154.78223123760418, lower=154.5017687623958, upper_3sigma=154.85234685640626, lower_3sigma=154.43165314359373, previous_upper=154.7661449357765, previous_lower=154.5010550642235, normalized_band_width=0.001814, latest_band_width=0.280462, distance_from_middle=0.000718, range_slope=0.000357, trend_slope=0.000185, trend_current_ma=154.66466666666665, latest_high=154.777, latest_low=154.748)",range,154.642,154.78223123760418,154.5017687623958,0.001813624210811855,0.0003568664795702671,0.00018534722431746078,154.66466666666665,0.0007177868884261068,"sell position closed because range recovery failed and adverse move resumed (entry_price=154.753, previous_close=154.811, latest_close=154.867, middle=154.70775, band_width=0.29147315485306535) (bollinger_period=20, bollinger_sigma=2.0, bollinger_extreme_sigma=3.0, range_ma_period=10, range_slope_lookback=5, range_slope_threshold=0.0005, range_band_width_threshold=0.003, range_middle_distance_threshold=0.002, trend_ma_period=15, trend_slope_lookback=2, trend_slope_threshold=0.0003, trend_price_position_filter_enabled=True, range_require_reentry_confirmation=True, trend_require_break_confirmation=True, exit_on_range_middle_band=True, close_on_opposite_trend_state=True, enable_range_failure_exit=True, range_failure_adverse_move_ratio=0.28, enable_range_extreme_touch_entry=False, state=range, middle=154.70775, upper=154.85348657742654, lower=154.56201342257347, upper_3sigma=154.9263548661398, lower_3sigma=154.4891451338602, previous_upper=154.82800780351067, previous_lower=154.56049219648935, normalized_band_width=0.001884, latest_band_width=0.291473, distance_from_middle=0.001029, range_slope=0.000358, trend_slope=0.000215, trend_current_ma=154.73226666666667, latest_high=154.873, latest_low=154.785)",range,154.70775,154.85348657742654,154.56201342257347,0.001884024264156549,0.0003579643844821256,0.0002154258710962238,154.73226666666667,0.0010293601968872658,,,,,,,,,,,,,,,,,,,,,,,,,,,,,,,,,,,,,,4.399999999998272,12.000000000000455,7,range_failure_exit,4617,4624,0,1,7,3,7
legacy,,2026-02-24 03:05:00,2026-02-24 03:25:00,sell,154.926,155.12599999999998,-19.999999999998863,sl_hit,T-0153,"range mean-reversion sell confirmed by reentry from outside upper band; previous_close=154.943, latest_close=154.926, previous_upper=154.89732045073677, latest_upper=154.9289475525682; range because abs(range_slope)=0.000437 <= threshold=0.000500 and normalized_band_width=0.002489 <= threshold=0.003000 and distance_from_middle=0.001225 <= threshold=0.002000 (bollinger_period=20, bollinger_sigma=2.0, bollinger_extreme_sigma=3.0, range_ma_period=10, range_slope_lookback=5, range_slope_threshold=0.0005, range_band_width_threshold=0.003, range_middle_distance_threshold=0.002, trend_ma_period=15, trend_slope_lookback=2, trend_slope_threshold=0.0003, trend_price_position_filter_enabled=True, range_require_reentry_confirmation=True, trend_require_break_confirmation=True, exit_on_range_middle_band=True, close_on_opposite_trend_state=True, enable_range_failure_exit=True, range_failure_adverse_move_ratio=0.28, enable_range_extreme_touch_entry=False, state=range, middle=154.7364, upper=154.9289475525682, lower=154.54385244743182, upper_3sigma=155.02522132885227, lower_3sigma=154.44757867114774, previous_upper=154.89732045073677, previous_lower=154.54877954926323, normalized_band_width=0.002489, latest_band_width=0.385095, distance_from_middle=0.001225, range_slope=0.000437, trend_slope=0.000272, trend_current_ma=154.77433333333332, latest_high=154.961, latest_low=154.914)",range,154.7364,154.9289475525682,154.54385244743182,0.00248871697374614,0.0004366961738050693,0.0002717935575018385,154.77433333333332,0.0012253096233335171,,,,,,,,,,,,,,,,,,,,,,,,,,,,,,,,,,,,,,,,,,,,,,,,0.39999999999906777,21.30000000000223,4,,4626,4630,2,3,3,3,3
legacy,,2026-02-24 08:10:00,2026-02-24 08:15:00,buy,155.151,155.06,-9.100000000000819,signal_close,T-0154,"range mean-reversion buy confirmed by reentry from outside lower band; previous_close=155.118, latest_close=155.151, previous_lower=155.14132172697379, latest_lower=155.13062301307286; range because abs(range_slope)=0.000245 <= threshold=0.000500 and normalized_band_width=0.001246 <= threshold=0.003000 and distance_from_middle=0.000492 <= threshold=0.002000 (bollinger_period=20, bollinger_sigma=2.0, bollinger_extreme_sigma=3.0, range_ma_period=10, range_slope_lookback=5, range_slope_threshold=0.0005, range_band_width_threshold=0.003, range_middle_distance_threshold=0.002, trend_ma_period=15, trend_slope_lookback=2, trend_slope_threshold=0.0003, trend_price_position_filter_enabled=True, range_require_reentry_confirmation=True, trend_require_break_confirmation=True, exit_on_range_middle_band=True, close_on_opposite_trend_state=True, enable_range_failure_exit=True, range_failure_adverse_move_ratio=0.28, enable_range_extreme_touch_entry=False, state=range, middle=155.22735, upper=155.32407698692714, lower=155.13062301307286, upper_3sigma=155.37244048039068, lower_3sigma=155.08225951960932, previous_upper=155.32597827302618, previous_lower=155.14132172697379, normalized_band_width=0.001246, latest_band_width=0.193454, distance_from_middle=0.000492, range_slope=-0.000245, trend_slope=-0.000093, trend_current_ma=155.21706666666665, latest_high=155.155, latest_low=155.093)",range,155.22735,155.32407698692714,155.13062301307286,0.0012462621687110893,-0.0002454738741061416,-9.32028093130464e-05,155.21706666666665,0.0004918591987815988,"buy position closed because range recovery failed and adverse move resumed (entry_price=155.151, previous_close=155.151, latest_close=155.06, middle=155.2166, band_width=0.23698911367404207) (bollinger_period=20, bollinger_sigma=2.0, bollinger_extreme_sigma=3.0, range_ma_period=10, range_slope_lookback=5, range_slope_threshold=0.0005, range_band_width_threshold=0.003, range_middle_distance_threshold=0.002, trend_ma_period=15, trend_slope_lookback=2, trend_slope_threshold=0.0003, trend_price_position_filter_enabled=True, range_require_reentry_confirmation=True, trend_require_break_confirmation=True, exit_on_range_middle_band=True, close_on_opposite_trend_state=True, enable_range_failure_exit=True, range_failure_adverse_move_ratio=0.28, enable_range_extreme_touch_entry=False, state=range, middle=155.2166, upper=155.33509455683702, lower=155.09810544316298, upper_3sigma=155.39434183525552, lower_3sigma=155.03885816474448, previous_upper=155.32407698692714, previous_lower=155.13062301307286, normalized_band_width=0.001527, latest_band_width=0.236989, distance_from_middle=0.001009, range_slope=-0.000375, trend_slope=-0.000108, trend_current_ma=155.20593333333332, latest_high=155.152, latest_low=155.059)",range,155.2166,155.33509455683702,155.09810544316298,0.0015268284041400344,-0.00037502803044557045,-0.00010781374767039927,155.20593333333332,0.0010089127065017363,,,,,,,,,,,,,,,,,,,,,,,,,,,,,,,,,,,,,,0.09999999999763531,9.200000000001296,1,range_failure_exit,4687,4688,0,0,0,1,1
legacy,,2026-02-24 08:20:00,2026-02-24 09:05:00,buy,155.093,155.29299999999998,19.999999999998863,tp_hit,T-0155,"range mean-reversion buy confirmed by reentry from outside lower band; previous_close=155.06, latest_close=155.093, previous_lower=155.09810544316298, latest_lower=155.08098539688416; range because abs(range_slope)=0.000445 <= threshold=0.000500 and normalized_band_width=0.001627 <= threshold=0.003000 and distance_from_middle=0.000736 <= threshold=0.002000 (bollinger_period=20, bollinger_sigma=2.0, bollinger_extreme_sigma=3.0, range_ma_period=10, range_slope_lookback=5, range_slope_threshold=0.0005, range_band_width_threshold=0.003, range_middle_distance_threshold=0.002, trend_ma_period=15, trend_slope_lookback=2, trend_slope_threshold=0.0003, trend_price_position_filter_enabled=True, range_require_reentry_confirmation=True, trend_require_break_confirmation=True, exit_on_range_middle_band=True, close_on_opposite_trend_state=True, enable_range_failure_exit=True, range_failure_adverse_move_ratio=0.28, enable_range_extreme_touch_entry=False, state=range, middle=155.20725, upper=155.33351460311582, lower=155.08098539688416, upper_3sigma=155.39664690467376, lower_3sigma=155.01785309532622, previous_upper=155.33509455683702, previous_lower=155.09810544316298, normalized_band_width=0.001627, latest_band_width=0.252529, distance_from_middle=0.000736, range_slope=-0.000445, trend_slope=-0.000123, trend_current_ma=155.19799999999998, latest_high=155.11, latest_low=155.044)",range,155.20725,155.33351460311582,155.08098539688416,0.0016270451685192326,-0.0004446672793192879,-0.00012285381684476823,155.19799999999998,0.0007361125205169115,,,,,,,,,,,,,,,,,,,,,,,,,,,,,,,,,,,,,,,,,,,,,,,,46.20000000000175,15.899999999999181,9,,4689,4698,8,1,8,8,8
legacy,,2026-02-24 13:20:00,2026-02-24 13:30:00,buy,155.782,155.698,-8.400000000000318,signal_close,T-0156,"range mean-reversion buy confirmed by reentry from outside lower band; previous_close=155.771, latest_close=155.782, previous_lower=155.78391580902255, latest_lower=155.77374914755566; range because abs(range_slope)=0.000109 <= threshold=0.000500 and normalized_band_width=0.001035 <= threshold=0.003000 and distance_from_middle=0.000465 <= threshold=0.002000 (bollinger_period=20, bollinger_sigma=2.0, bollinger_extreme_sigma=3.0, range_ma_period=10, range_slope_lookback=5, range_slope_threshold=0.0005, range_band_width_threshold=0.003, range_middle_distance_threshold=0.002, trend_ma_period=15, trend_slope_lookback=2, trend_slope_threshold=0.0003, trend_price_position_filter_enabled=True, range_require_reentry_confirmation=True, trend_require_break_confirmation=True, exit_on_range_middle_band=True, close_on_opposite_trend_state=True, enable_range_failure_exit=True, range_failure_adverse_move_ratio=0.28, enable_range_extreme_touch_entry=False, state=range, middle=155.8544, upper=155.93505085244433, lower=155.77374914755566, upper_3sigma=155.97537627866652, lower_3sigma=155.73342372133348, previous_upper=155.93128419097744, previous_lower=155.78391580902255, normalized_band_width=0.001035, latest_band_width=0.161302, distance_from_middle=0.000465, range_slope=-0.000109, trend_slope=-0.000073, trend_current_ma=155.85453333333334, latest_high=155.798, latest_low=155.757)",range,155.8544,155.93505085244433,155.77374914755566,0.001034951242240654,-0.00010908316243635259,-7.271738005254253e-05,155.85453333333334,0.0004645361311582322,"buy position closed because range recovery failed and adverse move resumed (entry_price=155.782, previous_close=155.767, latest_close=155.698, middle=155.8432, band_width=0.22089490713909754) (bollinger_period=20, bollinger_sigma=2.0, bollinger_extreme_sigma=3.0, range_ma_period=10, range_slope_lookback=5, range_slope_threshold=0.0005, range_band_width_threshold=0.003, range_middle_distance_threshold=0.002, trend_ma_period=15, trend_slope_lookback=2, trend_slope_threshold=0.0003, trend_price_position_filter_enabled=True, range_require_reentry_confirmation=True, trend_require_break_confirmation=True, exit_on_range_middle_band=True, close_on_opposite_trend_state=True, enable_range_failure_exit=True, range_failure_adverse_move_ratio=0.28, enable_range_extreme_touch_entry=False, state=range, middle=155.8432, upper=155.95364745356954, lower=155.73275254643045, upper_3sigma=156.00887118035433, lower_3sigma=155.67752881964566, previous_upper=155.93993889290684, previous_lower=155.7632611070932, normalized_band_width=0.001417, latest_band_width=0.220895, distance_from_middle=0.000932, range_slope=-0.000249, trend_slope=-0.000139, trend_current_ma=155.83286666666666, latest_high=155.755, latest_low=155.69)",range,155.8432,155.95364745356954,155.73275254643045,0.0014174176809709858,-0.0002489980715484988,-0.00013903784952516682,155.83286666666666,0.0009317057144616412,,,,,,,,,,,,,,,,,,,,,,,,,,,,,,,,,,,,,,3.6999999999977717,9.200000000001296,2,range_failure_exit,4749,4751,0,0,0,2,2
legacy,,2026-02-24 13:35:00,2026-02-24 13:55:00,buy,155.718,155.883,16.500000000002046,signal_close,T-0157,"range mean-reversion buy confirmed by reentry from outside lower band; previous_close=155.698, latest_close=155.718, previous_lower=155.73275254643045, latest_lower=155.7133430099669; range because abs(range_slope)=0.000286 <= threshold=0.000500 and normalized_band_width=0.001577 <= threshold=0.003000 and distance_from_middle=0.000758 <= threshold=0.002000 (bollinger_period=20, bollinger_sigma=2.0, bollinger_extreme_sigma=3.0, range_ma_period=10, range_slope_lookback=5, range_slope_threshold=0.0005, range_band_width_threshold=0.003, range_middle_distance_threshold=0.002, trend_ma_period=15, trend_slope_lookback=2, trend_slope_threshold=0.0003, trend_price_position_filter_enabled=True, range_require_reentry_confirmation=True, trend_require_break_confirmation=True, exit_on_range_middle_band=True, close_on_opposite_trend_state=True, enable_range_failure_exit=True, range_failure_adverse_move_ratio=0.28, enable_range_extreme_touch_entry=False, state=range, middle=155.83620000000002, upper=155.95905699003313, lower=155.7133430099669, upper_3sigma=156.0204854850497, lower_3sigma=155.65191451495033, previous_upper=155.95364745356954, previous_lower=155.73275254643045, normalized_band_width=0.001577, latest_band_width=0.245714, distance_from_middle=0.000758, range_slope=-0.000286, trend_slope=-0.000162, trend_current_ma=155.8206, latest_high=155.751, latest_low=155.68)",range,155.83620000000002,155.95905699003313,155.7133430099669,0.0015767451982673316,-0.0002855991292116421,-0.00016172444464970548,155.8206,0.0007584887208493921,"buy position closed because range state returned to middle band: latest close 155.883 >= middle 155.8237 (bollinger_period=20, bollinger_sigma=2.0, bollinger_extreme_sigma=3.0, range_ma_period=10, range_slope_lookback=5, range_slope_threshold=0.0005, range_band_width_threshold=0.003, range_middle_distance_threshold=0.002, trend_ma_period=15, trend_slope_lookback=2, trend_slope_threshold=0.0003, trend_price_position_filter_enabled=True, range_require_reentry_confirmation=True, trend_require_break_confirmation=True, exit_on_range_middle_band=True, close_on_opposite_trend_state=True, enable_range_failure_exit=True, range_failure_adverse_move_ratio=0.28, enable_range_extreme_touch_entry=False, state=range, middle=155.8237, upper=155.94498000659632, lower=155.70241999340368, upper_3sigma=156.00562000989447, lower_3sigma=155.64177999010553, previous_upper=155.9463699247259, previous_lower=155.7019300752741, normalized_band_width=0.001557, latest_band_width=0.242560, distance_from_middle=0.000381, range_slope=-0.000259, trend_slope=0.000016, trend_current_ma=155.81506666666667, latest_high=155.884, latest_low=155.794)",range,155.8237,155.94498000659632,155.70241999340368,0.0015566310721196097,-0.0002593332695699068,1.5830732671957822e-05,155.81506666666667,0.00038055828477957755,,,,,,,,,,,,,,,,,,,,,,,,,,,,,,,,,,,,,,16.59999999999968,-0.10000000000047748,4,middle_touch_exit,4752,4756,0,0,4,3,4
legacy,,2026-02-24 15:35:00,2026-02-24 16:30:00,sell,156.035,156.005,3.0000000000001137,signal_close,T-0158,"range mean-reversion sell confirmed by reentry from outside upper band; previous_close=156.093, latest_close=156.035, previous_upper=156.049085707361, latest_upper=156.0627202969654; range because abs(range_slope)=0.000276 <= threshold=0.000500 and normalized_band_width=0.001589 <= threshold=0.003000 and distance_from_middle=0.000617 <= threshold=0.002000 (bollinger_period=20, bollinger_sigma=2.0, bollinger_extreme_sigma=3.0, range_ma_period=10, range_slope_lookback=5, range_slope_threshold=0.0005, range_band_width_threshold=0.003, range_middle_distance_threshold=0.002, trend_ma_period=15, trend_slope_lookback=2, trend_slope_threshold=0.0003, trend_price_position_filter_enabled=True, range_require_reentry_confirmation=True, trend_require_break_confirmation=True, exit_on_range_middle_band=True, close_on_opposite_trend_state=True, enable_range_failure_exit=True, range_failure_adverse_move_ratio=0.28, enable_range_extreme_touch_entry=False, state=range, middle=155.9388, upper=156.0627202969654, lower=155.81487970303456, upper_3sigma=156.12468044544812, lower_3sigma=155.75291955455185, previous_upper=156.049085707361, previous_lower=155.81331429263903, normalized_band_width=0.001589, latest_band_width=0.247841, distance_from_middle=0.000617, range_slope=0.000276, trend_slope=0.000060, trend_current_ma=155.9324, latest_high=156.106, latest_low=155.985)",range,155.9388,156.0627202969654,155.81487970303456,0.0015893452683414643,0.0002763917221000492,5.985499699440609e-05,155.9324,0.0006169086846891876,"sell position closed because range state returned to middle band: latest close 156.005 <= middle 156.0185 (bollinger_period=20, bollinger_sigma=2.0, bollinger_extreme_sigma=3.0, range_ma_period=10, range_slope_lookback=5, range_slope_threshold=0.0005, range_band_width_threshold=0.003, range_middle_distance_threshold=0.002, trend_ma_period=15, trend_slope_lookback=2, trend_slope_threshold=0.0003, trend_price_position_filter_enabled=True, range_require_reentry_confirmation=True, trend_require_break_confirmation=True, exit_on_range_middle_band=True, close_on_opposite_trend_state=True, enable_range_failure_exit=True, range_failure_adverse_move_ratio=0.28, enable_range_extreme_touch_entry=False, state=range, middle=156.0185, upper=156.2021872341781, lower=155.83481276582188, upper_3sigma=156.29403085126714, lower_3sigma=155.74296914873284, previous_upper=156.20509659176417, previous_lower=155.82000340823583, normalized_band_width=0.002355, latest_band_width=0.367374, distance_from_middle=0.000087, range_slope=0.000225, trend_slope=0.000121, trend_current_ma=156.06346666666667, latest_high=156.117, latest_low=156.002)",range,156.0185,156.2021872341781,155.83481276582188,0.0023546852992191165,0.00022488208106243964,0.0001213181645758002,156.06346666666667,8.652820018134648e-05,,,,,,,,,,,,,,,,,,,,,,,,,,,,,,,,,,,,,,4.300000000000637,15.500000000000114,11,middle_touch_exit,4776,4787,8,1,6,11,11
legacy,,2026-02-24 17:35:00,2026-02-24 17:45:00,buy,155.986,155.851,-13.49999999999909,signal_close,T-0159,"range mean-reversion buy confirmed by reentry from outside lower band; previous_close=155.879, latest_close=155.986, previous_lower=155.8992084629402, latest_lower=155.89449562299725; range because abs(range_slope)=0.000209 <= threshold=0.000500 and normalized_band_width=0.001739 <= threshold=0.003000 and distance_from_middle=0.000283 <= threshold=0.002000 (bollinger_period=20, bollinger_sigma=2.0, bollinger_extreme_sigma=3.0, range_ma_period=10, range_slope_lookback=5, range_slope_threshold=0.0005, range_band_width_threshold=0.003, range_middle_distance_threshold=0.002, trend_ma_period=15, trend_slope_lookback=2, trend_slope_threshold=0.0003, trend_price_position_filter_enabled=True, range_require_reentry_confirmation=True, trend_require_break_confirmation=True, exit_on_range_middle_band=True, close_on_opposite_trend_state=True, enable_range_failure_exit=True, range_failure_adverse_move_ratio=0.28, enable_range_extreme_touch_entry=False, state=range, middle=156.03015, upper=156.16580437700273, lower=155.89449562299725, upper_3sigma=156.23363156550408, lower_3sigma=155.8266684344959, previous_upper=156.1697915370598, previous_lower=155.8992084629402, normalized_band_width=0.001739, latest_band_width=0.271309, distance_from_middle=0.000283, range_slope=-0.000209, trend_slope=-0.000173, trend_current_ma=156.0054, latest_high=155.994, latest_low=155.867)",range,156.03015,156.16580437700273,155.89449562299725,0.0017388226186123284,-0.00020899954609915927,-0.00017349826779493332,156.0054,0.0002829581334120483,"buy position closed because range recovery failed and adverse move resumed (entry_price=155.986, previous_close=155.96, latest_close=155.851, middle=156.01405, band_width=0.30692663618526694) (bollinger_period=20, bollinger_sigma=2.0, bollinger_extreme_sigma=3.0, range_ma_period=10, range_slope_lookback=5, range_slope_threshold=0.0005, range_band_width_threshold=0.003, range_middle_distance_threshold=0.002, trend_ma_period=15, trend_slope_lookback=2, trend_slope_threshold=0.0003, trend_price_position_filter_enabled=True, range_require_reentry_confirmation=True, trend_require_break_confirmation=True, exit_on_range_middle_band=True, close_on_opposite_trend_state=True, enable_range_failure_exit=True, range_failure_adverse_move_ratio=0.28, enable_range_extreme_touch_entry=False, state=range, middle=156.01405, upper=156.16751331809263, lower=155.86058668190736, upper_3sigma=156.24424497713895, lower_3sigma=155.78385502286105, previous_upper=156.16596387021798, previous_lower=155.88783612978204, normalized_band_width=0.001967, latest_band_width=0.306927, distance_from_middle=0.001045, range_slope=-0.000301, trend_slope=-0.000122, trend_current_ma=155.98639999999997, latest_high=155.977, latest_low=155.832)",range,156.01405,156.16751331809263,155.86058668190736,0.001967301253863142,-0.00030071138439438536,-0.00012180549073530694,155.98639999999997,0.0010450981818624565,,,,,,,,,,,,,,,,,,,,,,,,,,,,,,,,,,,,,,2.400000000000091,15.399999999999636,2,range_failure_exit,4800,4802,0,0,1,2,2
legacy,,2026-02-24 17:50:00,2026-02-24 18:05:00,buy,155.896,155.793,-10.299999999998022,signal_close,T-0160,"range mean-reversion buy confirmed by reentry from outside lower band; previous_close=155.851, latest_close=155.896, previous_lower=155.86058668190736, latest_lower=155.84905331387583; range because abs(range_slope)=0.000348 <= threshold=0.000500 and normalized_band_width=0.001973 <= threshold=0.003000 and distance_from_middle=0.000686 <= threshold=0.002000 (bollinger_period=20, bollinger_sigma=2.0, bollinger_extreme_sigma=3.0, range_ma_period=10, range_slope_lookback=5, range_slope_threshold=0.0005, range_band_width_threshold=0.003, range_middle_distance_threshold=0.002, trend_ma_period=15, trend_slope_lookback=2, trend_slope_threshold=0.0003, trend_price_position_filter_enabled=True, range_require_reentry_confirmation=True, trend_require_break_confirmation=True, exit_on_range_middle_band=True, close_on_opposite_trend_state=True, enable_range_failure_exit=True, range_failure_adverse_move_ratio=0.28, enable_range_extreme_touch_entry=False, state=range, middle=156.00295, upper=156.15684668612417, lower=155.84905331387583, upper_3sigma=156.23379502918627, lower_3sigma=155.77210497081373, previous_upper=156.16751331809263, previous_lower=155.86058668190736, normalized_band_width=0.001973, latest_band_width=0.307793, distance_from_middle=0.000686, range_slope=-0.000348, trend_slope=-0.000111, trend_current_ma=155.9794, latest_high=155.914, latest_low=155.824)",range,156.00295,156.15684668612417,155.84905331387583,0.0019729971276077844,-0.00034817155431996903,-0.00011069837854641706,155.9794,0.000685563958886751,"buy position closed because range recovery failed and adverse move resumed (entry_price=155.896, previous_close=155.829, latest_close=155.793, middle=155.96195, band_width=0.3128794656093419) (bollinger_period=20, bollinger_sigma=2.0, bollinger_extreme_sigma=3.0, range_ma_period=10, range_slope_lookback=5, range_slope_threshold=0.0005, range_band_width_threshold=0.003, range_middle_distance_threshold=0.002, trend_ma_period=15, trend_slope_lookback=2, trend_slope_threshold=0.0003, trend_price_position_filter_enabled=True, range_require_reentry_confirmation=True, trend_require_break_confirmation=True, exit_on_range_middle_band=True, close_on_opposite_trend_state=True, enable_range_failure_exit=True, range_failure_adverse_move_ratio=0.28, enable_range_extreme_touch_entry=False, state=range, middle=155.96195, upper=156.11838973280467, lower=155.80551026719533, upper_3sigma=156.19660959920702, lower_3sigma=155.72729040079298, previous_upper=156.12247729826512, previous_lower=155.83122270173484, normalized_band_width=0.002006, latest_band_width=0.312879, distance_from_middle=0.001083, range_slope=-0.000380, trend_slope=-0.000195, trend_current_ma=155.93766666666667, latest_high=155.844, latest_low=155.78)",range,155.96195,156.11838973280467,155.80551026719533,0.0020061269149901106,-0.0003796857843590246,-0.00019494969143662798,155.93766666666667,0.0010832770428940857,,,,,,,,,,,,,,,,,,,,,,,,,,,,,,,,,,,,,,7.200000000000273,11.599999999998545,3,range_failure_exit,4803,4806,0,0,2,3,3
legacy,,2026-02-24 21:25:00,2026-02-24 21:30:00,sell,155.732,155.729,0.2999999999985903,signal_close,T-0161,"range mean-reversion sell confirmed by reentry from outside upper band; previous_close=155.804, latest_close=155.732, previous_upper=155.80231110748076, latest_upper=155.79845020283935; range because abs(range_slope)=0.000130 <= threshold=0.000500 and normalized_band_width=0.000633 <= threshold=0.003000 and distance_from_middle=0.000110 <= threshold=0.002000 (bollinger_period=20, bollinger_sigma=2.0, bollinger_extreme_sigma=3.0, range_ma_period=10, range_slope_lookback=5, range_slope_threshold=0.0005, range_band_width_threshold=0.003, range_middle_distance_threshold=0.002, trend_ma_period=15, trend_slope_lookback=2, trend_slope_threshold=0.0003, trend_price_position_filter_enabled=True, range_require_reentry_confirmation=True, trend_require_break_confirmation=True, exit_on_range_middle_band=True, close_on_opposite_trend_state=True, enable_range_failure_exit=True, range_failure_adverse_move_ratio=0.28, enable_range_extreme_touch_entry=False, state=range, middle=155.74915000000001, upper=155.79845020283935, lower=155.69984979716068, upper_3sigma=155.82310030425901, lower_3sigma=155.67519969574101, previous_upper=155.80231110748076, previous_lower=155.69178889251924, normalized_band_width=0.000633, latest_band_width=0.098600, distance_from_middle=0.000110, range_slope=0.000130, trend_slope=0.000033, trend_current_ma=155.75393333333335, latest_high=155.805, latest_low=155.732)",range,155.74915000000001,155.79845020283935,155.69984979716068,0.0006330718702392077,0.00012967970397069272,3.295796917292383e-05,155.75393333333335,0.0001101129604881638,"sell position closed because range state returned to middle band: latest close 155.729 <= middle 155.75005000000002 (bollinger_period=20, bollinger_sigma=2.0, bollinger_extreme_sigma=3.0, range_ma_period=10, range_slope_lookback=5, range_slope_threshold=0.0005, range_band_width_threshold=0.003, range_middle_distance_threshold=0.002, trend_ma_period=15, trend_slope_lookback=2, trend_slope_threshold=0.0003, trend_price_position_filter_enabled=True, range_require_reentry_confirmation=True, trend_require_break_confirmation=True, exit_on_range_middle_band=True, close_on_opposite_trend_state=True, enable_range_failure_exit=True, range_failure_adverse_move_ratio=0.28, enable_range_extreme_touch_entry=False, state=range, middle=155.75005000000002, upper=155.7971391707296, lower=155.70296082927044, upper_3sigma=155.8206837560944, lower_3sigma=155.67941624390562, previous_upper=155.79845020283935, previous_lower=155.69984979716068, normalized_band_width=0.000605, latest_band_width=0.094178, distance_from_middle=0.000135, range_slope=0.000077, trend_slope=0.000002, trend_current_ma=155.75373333333334, latest_high=155.747, latest_low=155.721)",range,155.75005000000002,155.7971391707296,155.70296082927044,0.0006046761555399532,7.70396735058666e-05,1.7121044932182626e-06,155.75373333333334,0.00013515244457386983,,,,,,,,,,,,,,,,,,,,,,,,,,,,,,,,,,,,,,1.099999999999568,1.500000000001478,1,middle_touch_exit,4846,4847,0,0,0,0,0
legacy,,2026-02-24 21:40:00,2026-02-24 21:50:00,buy,155.718,155.778,6.000000000000227,signal_close,T-0162,"range mean-reversion buy confirmed by reentry from outside lower band; previous_close=155.694, latest_close=155.718, previous_lower=155.69416190048653, latest_lower=155.69100195136647; range because abs(range_slope)=0.000062 <= threshold=0.000500 and normalized_band_width=0.000699 <= threshold=0.003000 and distance_from_middle=0.000176 <= threshold=0.002000 (bollinger_period=20, bollinger_sigma=2.0, bollinger_extreme_sigma=3.0, range_ma_period=10, range_slope_lookback=5, range_slope_threshold=0.0005, range_band_width_threshold=0.003, range_middle_distance_threshold=0.002, trend_ma_period=15, trend_slope_lookback=2, trend_slope_threshold=0.0003, trend_price_position_filter_enabled=True, range_require_reentry_confirmation=True, trend_require_break_confirmation=True, exit_on_range_middle_band=True, close_on_opposite_trend_state=True, enable_range_failure_exit=True, range_failure_adverse_move_ratio=0.28, enable_range_extreme_touch_entry=False, state=range, middle=155.74545, upper=155.79989804863354, lower=155.69100195136647, upper_3sigma=155.82712207295032, lower_3sigma=155.6637779270497, previous_upper=155.80023809951345, previous_lower=155.69416190048653, normalized_band_width=0.000699, latest_band_width=0.108896, distance_from_middle=0.000176, range_slope=-0.000062, trend_slope=-0.000008, trend_current_ma=155.75246666666666, latest_high=155.718, latest_low=155.692)",range,155.74545,155.79989804863354,155.69100195136647,0.0006991927999634236,-6.163668512774877e-05,-8.132562480638898e-06,155.75246666666666,0.000176249129589442,"buy position closed because range state returned to middle band: latest close 155.778 >= middle 155.74785 (bollinger_period=20, bollinger_sigma=2.0, bollinger_extreme_sigma=3.0, range_ma_period=10, range_slope_lookback=5, range_slope_threshold=0.0005, range_band_width_threshold=0.003, range_middle_distance_threshold=0.002, trend_ma_period=15, trend_slope_lookback=2, trend_slope_threshold=0.0003, trend_price_position_filter_enabled=True, range_require_reentry_confirmation=True, trend_require_break_confirmation=True, exit_on_range_middle_band=True, close_on_opposite_trend_state=True, enable_range_failure_exit=True, range_failure_adverse_move_ratio=0.28, enable_range_extreme_touch_entry=False, state=range, middle=155.74785, upper=155.80350707502197, lower=155.69219292497803, upper_3sigma=155.83133561253294, lower_3sigma=155.66436438746706, previous_upper=155.799901371098, previous_lower=155.69049862890202, normalized_band_width=0.000715, latest_band_width=0.111314, distance_from_middle=0.000194, range_slope=-0.000134, trend_slope=0.000019, trend_current_ma=155.75546666666665, latest_high=155.791, latest_low=155.727)",range,155.74785,155.80350707502197,155.69219292497803,0.0007147074585231083,-0.00013419156005703631,1.926096119891717e-05,155.75546666666665,0.0001935821264947921,,,,,,,,,,,,,,,,,,,,,,,,,,,,,,,,,,,,,,7.30000000000075,0.1999999999981128,2,middle_touch_exit,4849,4851,0,0,0,0,0
legacy,,2026-02-24 23:00:00,2026-02-24 23:35:00,sell,155.845,155.906,-6.100000000000705,signal_close,T-0163,"range mean-reversion sell confirmed by reentry from outside upper band; previous_close=155.866, latest_close=155.845, previous_upper=155.84351525862024, latest_upper=155.85134998452014; range because abs(range_slope)=0.000103 <= threshold=0.000500 and normalized_band_width=0.001037 <= threshold=0.003000 and distance_from_middle=0.000478 <= threshold=0.002000 (bollinger_period=20, bollinger_sigma=2.0, bollinger_extreme_sigma=3.0, range_ma_period=10, range_slope_lookback=5, range_slope_threshold=0.0005, range_band_width_threshold=0.003, range_middle_distance_threshold=0.002, trend_ma_period=15, trend_slope_lookback=2, trend_slope_threshold=0.0003, trend_price_position_filter_enabled=True, range_require_reentry_confirmation=True, trend_require_break_confirmation=True, exit_on_range_middle_band=True, close_on_opposite_trend_state=True, enable_range_failure_exit=True, range_failure_adverse_move_ratio=0.28, enable_range_extreme_touch_entry=False, state=range, middle=155.7706, upper=155.85134998452014, lower=155.68985001547986, upper_3sigma=155.89172497678018, lower_3sigma=155.64947502321982, previous_upper=155.84351525862024, previous_lower=155.69358474137977, normalized_band_width=0.001037, latest_band_width=0.161500, distance_from_middle=0.000478, range_slope=0.000103, trend_slope=0.000113, trend_current_ma=155.78733333333332, latest_high=155.876, latest_low=155.829)",range,155.7706,155.85134998452014,155.68985001547986,0.0010367808112716926,0.00010269991662044827,0.00011297452510037661,155.78733333333332,0.0004776254312431045,"sell position closed because range recovery failed and adverse move resumed (entry_price=155.845, previous_close=155.887, latest_close=155.906, middle=155.82155, band_width=0.2057317671143437) (bollinger_period=20, bollinger_sigma=2.0, bollinger_extreme_sigma=3.0, range_ma_period=10, range_slope_lookback=5, range_slope_threshold=0.0005, range_band_width_threshold=0.003, range_middle_distance_threshold=0.002, trend_ma_period=15, trend_slope_lookback=2, trend_slope_threshold=0.0003, trend_price_position_filter_enabled=True, range_require_reentry_confirmation=True, trend_require_break_confirmation=True, exit_on_range_middle_band=True, close_on_opposite_trend_state=True, enable_range_failure_exit=True, range_failure_adverse_move_ratio=0.28, enable_range_extreme_touch_entry=False, state=range, middle=155.82155, upper=155.92441588355717, lower=155.71868411644283, upper_3sigma=155.9758488253358, lower_3sigma=155.66725117466422, previous_upper=155.91251013461135, previous_lower=155.71638986538863, normalized_band_width=0.001320, latest_band_width=0.205732, distance_from_middle=0.000542, range_slope=0.000381, trend_slope=0.000084, trend_current_ma=155.83353333333335, latest_high=155.912, latest_low=155.882)",range,155.82155,155.92441588355717,155.71868411644283,0.0013203036878682295,0.00038109193746762974,8.385015976473098e-05,155.83353333333335,0.0005419661144431172,,,,,,,,,,,,,,,,,,,,,,,,,,,,,,,,,,,,,,0.49999999999954525,6.700000000000728,7,range_failure_exit,4865,4872,4,0,7,6,7
legacy,,2026-02-25 02:10:00,2026-02-25 02:15:00,sell,155.935,155.844,9.100000000000819,signal_close,T-0164,"range mean-reversion sell confirmed by reentry from outside upper band; previous_close=155.966, latest_close=155.935, previous_upper=155.94395951847184, latest_upper=155.9561852627473; range because abs(range_slope)=0.000223 <= threshold=0.000500 and normalized_band_width=0.001338 <= threshold=0.003000 and distance_from_middle=0.000533 <= threshold=0.002000 (bollinger_period=20, bollinger_sigma=2.0, bollinger_extreme_sigma=3.0, range_ma_period=10, range_slope_lookback=5, range_slope_threshold=0.0005, range_band_width_threshold=0.003, range_middle_distance_threshold=0.002, trend_ma_period=15, trend_slope_lookback=2, trend_slope_threshold=0.0003, trend_price_position_filter_enabled=True, range_require_reentry_confirmation=True, trend_require_break_confirmation=True, exit_on_range_middle_band=True, close_on_opposite_trend_state=True, enable_range_failure_exit=True, range_failure_adverse_move_ratio=0.28, enable_range_extreme_touch_entry=False, state=range, middle=155.85195000000002, upper=155.9561852627473, lower=155.74771473725272, upper_3sigma=156.008302894121, lower_3sigma=155.69559710587905, previous_upper=155.94395951847184, previous_lower=155.74854048152815, normalized_band_width=0.001338, latest_band_width=0.208471, distance_from_middle=0.000533, range_slope=0.000223, trend_slope=0.000135, trend_current_ma=155.8694, latest_high=155.983, latest_low=155.921)",range,155.85195000000002,155.9561852627473,155.74771473725272,0.0013376189742546705,0.00022324951212295127,0.00013515588477715245,155.8694,0.0005328775161298004,"sell position closed because range state returned to middle band: latest close 155.844 <= middle 155.85354999999998 (bollinger_period=20, bollinger_sigma=2.0, bollinger_extreme_sigma=3.0, range_ma_period=10, range_slope_lookback=5, range_slope_threshold=0.0005, range_band_width_threshold=0.003, range_middle_distance_threshold=0.002, trend_ma_period=15, trend_slope_lookback=2, trend_slope_threshold=0.0003, trend_price_position_filter_enabled=True, range_require_reentry_confirmation=True, trend_require_break_confirmation=True, exit_on_range_middle_band=True, close_on_opposite_trend_state=True, enable_range_failure_exit=True, range_failure_adverse_move_ratio=0.28, enable_range_extreme_touch_entry=False, state=range, middle=155.85354999999998, upper=155.9562543816008, lower=155.75084561839918, upper_3sigma=156.00760657240116, lower_3sigma=155.6994934275988, previous_upper=155.9561852627473, previous_lower=155.74771473725272, normalized_band_width=0.001318, latest_band_width=0.205409, distance_from_middle=0.000061, range_slope=0.000189, trend_slope=0.000077, trend_current_ma=155.87246666666667, latest_high=155.955, latest_low=155.842)",range,155.85354999999998,155.9562543816008,155.75084561839918,0.0013179601183393225,0.000188608556413266,7.741371471636428e-05,155.87246666666667,6.127547303215216e-05,,,,,,,,,,,,,,,,,,,,,,,,,,,,,,,,,,,,,,9.299999999998931,2.000000000001023,1,middle_touch_exit,4902,4903,0,0,1,1,1
legacy,,2026-02-25 03:00:00,2026-02-25 03:45:00,buy,155.772,155.799,2.7000000000015234,signal_close,T-0165,"range mean-reversion buy confirmed by reentry from outside lower band; previous_close=155.697, latest_close=155.772, previous_lower=155.73302805400093, latest_lower=155.72345526326671; range because abs(range_slope)=0.000452 <= threshold=0.000500 and normalized_band_width=0.001634 <= threshold=0.003000 and distance_from_middle=0.000505 <= threshold=0.002000 (bollinger_period=20, bollinger_sigma=2.0, bollinger_extreme_sigma=3.0, range_ma_period=10, range_slope_lookback=5, range_slope_threshold=0.0005, range_band_width_threshold=0.003, range_middle_distance_threshold=0.002, trend_ma_period=15, trend_slope_lookback=2, trend_slope_threshold=0.0003, trend_price_position_filter_enabled=True, range_require_reentry_confirmation=True, trend_require_break_confirmation=True, exit_on_range_middle_band=True, close_on_opposite_trend_state=True, enable_range_failure_exit=True, range_failure_adverse_move_ratio=0.28, enable_range_extreme_touch_entry=False, state=range, middle=155.85075, upper=155.9780447367333, lower=155.72345526326671, upper_3sigma=156.04169210509997, lower_3sigma=155.65980789490004, previous_upper=155.97717194599906, previous_lower=155.73302805400093, normalized_band_width=0.001634, latest_band_width=0.254589, distance_from_middle=0.000505, range_slope=-0.000452, trend_slope=-0.000086, trend_current_ma=155.8544, latest_high=155.772, latest_low=155.687)",range,155.85075,155.9780447367333,155.72345526326671,0.00163354666863381,-0.0004517972739423871,-8.640543139403807e-05,155.8544,0.0005052911198695781,"buy position closed because range state returned to middle band: latest close 155.799 >= middle 155.79749999999999 (bollinger_period=20, bollinger_sigma=2.0, bollinger_extreme_sigma=3.0, range_ma_period=10, range_slope_lookback=5, range_slope_threshold=0.0005, range_band_width_threshold=0.003, range_middle_distance_threshold=0.002, trend_ma_period=15, trend_slope_lookback=2, trend_slope_threshold=0.0003, trend_price_position_filter_enabled=True, range_require_reentry_confirmation=True, trend_require_break_confirmation=True, exit_on_range_middle_band=True, close_on_opposite_trend_state=True, enable_range_failure_exit=True, range_failure_adverse_move_ratio=0.28, enable_range_extreme_touch_entry=False, state=range, middle=155.79749999999999, upper=155.93355513588247, lower=155.6614448641175, upper_3sigma=156.00158270382371, lower_3sigma=155.59341729617626, previous_upper=155.96047894295702, previous_lower=155.65122105704302, normalized_band_width=0.001747, latest_band_width=0.272110, distance_from_middle=0.000010, range_slope=-0.000089, trend_slope=-0.000115, trend_current_ma=155.76726666666667, latest_high=155.803, latest_low=155.71)",range,155.79749999999999,155.93355513588247,155.6614448641175,0.0017465637880259494,-8.924180419967234e-05,-0.00011512902368428742,155.76726666666667,9.627882347414902e-06,,,,,,,,,,,,,,,,,,,,,,,,,,,,,,,,,,,,,,5.60000000000116,11.400000000000432,9,middle_touch_exit,4912,4921,0,0,8,7,8
legacy,,2026-02-25 04:35:00,2026-02-25 05:10:00,buy,155.548,155.748,19.999999999998863,tp_hit,T-0166,"range mean-reversion buy confirmed by reentry from outside lower band; previous_close=155.462, latest_close=155.548, previous_lower=155.56922611150017, latest_lower=155.54347853313246; range because abs(range_slope)=0.000490 <= threshold=0.000500 and normalized_band_width=0.002318 <= threshold=0.003000 and distance_from_middle=0.001130 <= threshold=0.002000 (bollinger_period=20, bollinger_sigma=2.0, bollinger_extreme_sigma=3.0, range_ma_period=10, range_slope_lookback=5, range_slope_threshold=0.0005, range_band_width_threshold=0.003, range_middle_distance_threshold=0.002, trend_ma_period=15, trend_slope_lookback=2, trend_slope_threshold=0.0003, trend_price_position_filter_enabled=True, range_require_reentry_confirmation=True, trend_require_break_confirmation=True, exit_on_range_middle_band=True, close_on_opposite_trend_state=True, enable_range_failure_exit=True, range_failure_adverse_move_ratio=0.28, enable_range_extreme_touch_entry=False, state=range, middle=155.724, upper=155.90452146686752, lower=155.54347853313246, upper_3sigma=155.99478220030127, lower_3sigma=155.4532177996987, previous_upper=155.89367388849982, previous_lower=155.56922611150017, normalized_band_width=0.002318, latest_band_width=0.361043, distance_from_middle=0.001130, range_slope=-0.000490, trend_slope=-0.000241, trend_current_ma=155.71453333333332, latest_high=155.592, latest_low=155.43)",range,155.724,155.90452146686752,155.54347853313246,0.002318479705986642,-0.0004900720270999669,-0.00024103937204745238,155.71453333333332,0.0011302047211732792,,,,,,,,,,,,,,,,,,,,,,,,,,,,,,,,,,,,,,,,,,,,,,,,42.900000000000205,16.499999999999204,7,,4931,4938,3,0,6,6,6
legacy,,2026-02-25 07:00:00,2026-02-25 07:55:00,buy,155.793,155.62,-17.300000000000182,signal_close,T-0167,"range mean-reversion buy confirmed by reentry from outside lower band; previous_close=155.762, latest_close=155.793, previous_lower=155.77866199934144, latest_lower=155.76604534702716; range because abs(range_slope)=0.000326 <= threshold=0.000500 and normalized_band_width=0.001572 <= threshold=0.003000 and distance_from_middle=0.000613 <= threshold=0.002000 (bollinger_period=20, bollinger_sigma=2.0, bollinger_extreme_sigma=3.0, range_ma_period=10, range_slope_lookback=5, range_slope_threshold=0.0005, range_band_width_threshold=0.003, range_middle_distance_threshold=0.002, trend_ma_period=15, trend_slope_lookback=2, trend_slope_threshold=0.0003, trend_price_position_filter_enabled=True, range_require_reentry_confirmation=True, trend_require_break_confirmation=True, exit_on_range_middle_band=True, close_on_opposite_trend_state=True, enable_range_failure_exit=True, range_failure_adverse_move_ratio=0.28, enable_range_extreme_touch_entry=False, state=range, middle=155.88855, upper=156.01105465297286, lower=155.76604534702716, upper_3sigma=156.07230697945928, lower_3sigma=155.70479302054073, previous_upper=156.01553800065855, previous_lower=155.77866199934144, normalized_band_width=0.001572, latest_band_width=0.245009, distance_from_middle=0.000613, range_slope=-0.000326, trend_slope=-0.000098, trend_current_ma=155.8876, latest_high=155.804, latest_low=155.73)",range,155.88855,156.01105465297286,155.76604534702716,0.0015716953294241324,-0.0003259105285779977,-9.79338104293754e-05,155.8876,0.0006129378969783406,"buy position closed because range recovery failed and adverse move resumed (entry_price=155.793, previous_close=155.719, latest_close=155.62, middle=155.7963, band_width=0.31639999999998736) (bollinger_period=20, bollinger_sigma=2.0, bollinger_extreme_sigma=3.0, range_ma_period=10, range_slope_lookback=5, range_slope_threshold=0.0005, range_band_width_threshold=0.003, range_middle_distance_threshold=0.002, trend_ma_period=15, trend_slope_lookback=2, trend_slope_threshold=0.0003, trend_price_position_filter_enabled=True, range_require_reentry_confirmation=True, trend_require_break_confirmation=True, exit_on_range_middle_band=True, close_on_opposite_trend_state=True, enable_range_failure_exit=True, range_failure_adverse_move_ratio=0.28, enable_range_extreme_touch_entry=False, state=range, middle=155.7963, upper=155.9545, lower=155.6381, upper_3sigma=156.0336, lower_3sigma=155.559, previous_upper=155.96476221072902, previous_lower=155.66173778927094, normalized_band_width=0.002031, latest_band_width=0.316400, distance_from_middle=0.001132, range_slope=-0.000283, trend_slope=-0.000196, trend_current_ma=155.75886666666665, latest_high=155.708, latest_low=155.596)",range,155.7963,155.9545,155.6381,0.0020308569587338555,-0.0002831638844690455,-0.00019645751574134715,155.75886666666665,0.0011316058211908607,,,,,,,,,,,,,,,,,,,,,,,,,,,,,,,,,,,,,,3.0000000000001137,19.700000000000273,11,range_failure_exit,4960,4971,6,2,3,11,11
legacy,,2026-02-25 08:00:00,2026-02-25 08:40:00,buy,155.677,155.779,10.200000000000387,signal_close,T-0168,"range mean-reversion buy confirmed by reentry from outside lower band; previous_close=155.62, latest_close=155.677, previous_lower=155.6381, latest_lower=155.62814610155363; range because abs(range_slope)=0.000283 <= threshold=0.000500 and normalized_band_width=0.002005 <= threshold=0.003000 and distance_from_middle=0.000689 <= threshold=0.002000 (bollinger_period=20, bollinger_sigma=2.0, bollinger_extreme_sigma=3.0, range_ma_period=10, range_slope_lookback=5, range_slope_threshold=0.0005, range_band_width_threshold=0.003, range_middle_distance_threshold=0.002, trend_ma_period=15, trend_slope_lookback=2, trend_slope_threshold=0.0003, trend_price_position_filter_enabled=True, range_require_reentry_confirmation=True, trend_require_break_confirmation=True, exit_on_range_middle_band=True, close_on_opposite_trend_state=True, enable_range_failure_exit=True, range_failure_adverse_move_ratio=0.28, enable_range_extreme_touch_entry=False, state=range, middle=155.7843, upper=155.94045389844638, lower=155.62814610155363, upper_3sigma=156.01853084766955, lower_3sigma=155.55006915233045, previous_upper=155.9545, previous_lower=155.6381, normalized_band_width=0.002005, latest_band_width=0.312308, distance_from_middle=0.000689, range_slope=-0.000283, trend_slope=-0.000190, trend_current_ma=155.74706666666668, latest_high=155.677, latest_low=155.614)",range,155.7843,155.94045389844638,155.62814610155363,0.002004745002498668,-0.0002825363027043293,-0.00019047977789605228,155.74706666666668,0.000688772873774888,"buy position closed because range state returned to middle band: latest close 155.779 >= middle 155.7036 (bollinger_period=20, bollinger_sigma=2.0, bollinger_extreme_sigma=3.0, range_ma_period=10, range_slope_lookback=5, range_slope_threshold=0.0005, range_band_width_threshold=0.003, range_middle_distance_threshold=0.002, trend_ma_period=15, trend_slope_lookback=2, trend_slope_threshold=0.0003, trend_price_position_filter_enabled=True, range_require_reentry_confirmation=True, trend_require_break_confirmation=True, exit_on_range_middle_band=True, close_on_opposite_trend_state=True, enable_range_failure_exit=True, range_failure_adverse_move_ratio=0.28, enable_range_extreme_touch_entry=False, state=range, middle=155.7036, upper=155.83839376840194, lower=155.56880623159805, upper_3sigma=155.90579065260292, lower_3sigma=155.50140934739707, previous_upper=155.84078750858598, previous_lower=155.56781249141406, normalized_band_width=0.001731, latest_band_width=0.269588, distance_from_middle=0.000484, range_slope=-0.000200, trend_slope=-0.000033, trend_current_ma=155.68233333333333, latest_high=155.781, latest_low=155.687)",range,155.7036,155.83839376840194,155.56880623159805,0.0017314149242785453,-0.00019980507761868844,-3.254490447426704e-05,155.68233333333333,0.00048425341482150644,,,,,,,,,,,,,,,,,,,,,,,,,,,,,,,,,,,,,,10.400000000001342,12.899999999999068,8,middle_touch_exit,4972,4980,0,7,0,3,7
legacy,,2026-02-25 11:00:00,2026-02-25 11:20:00,buy,156.414,156.61399999999998,19.999999999998863,tp_hit,T-0169,"trend-follow buy confirmed by upper band breakout; previous_close=156.313, latest_close=156.414, previous_upper=156.354454019791, latest_upper=156.41187288747724; trend_up because trend_slope=0.000456 > threshold=0.000300 and latest_close=156.414 >= trend_ma=156.1284 (bollinger_period=20, bollinger_sigma=2.0, bollinger_extreme_sigma=3.0, range_ma_period=10, range_slope_lookback=5, range_slope_threshold=0.0005, range_band_width_threshold=0.003, range_middle_distance_threshold=0.002, trend_ma_period=15, trend_slope_lookback=2, trend_slope_threshold=0.0003, trend_price_position_filter_enabled=True, range_require_reentry_confirmation=True, trend_require_break_confirmation=True, exit_on_range_middle_band=True, close_on_opposite_trend_state=True, enable_range_failure_exit=True, range_failure_adverse_move_ratio=0.28, enable_range_extreme_touch_entry=False, state=trend_up, middle=156.05315000000002, upper=156.41187288747724, lower=155.6944271125228, upper_3sigma=156.59123433121584, lower_3sigma=155.5150656687842, previous_upper=156.354454019791, previous_lower=155.693345980209, normalized_band_width=0.004597, latest_band_width=0.717446, distance_from_middle=0.002312, range_slope=0.000937, trend_slope=0.000456, trend_current_ma=156.1284, latest_high=156.431, latest_low=156.312)",trend_up,156.05315000000002,156.41187288747724,155.6944271125228,0.004597445004823394,0.0009372125225420729,0.0004556079056298259,156.1284,0.0023123531950490633,,,,,,,,,,,,,,,,,,,,,,,,,,,,,,,,,,,,,,,,,,,,,,,,26.500000000001478,0.0,4,,5008,5012,3,3,3,3,3
legacy,,2026-02-25 14:20:00,2026-02-25 14:35:00,buy,156.713,156.784,7.099999999999795,signal_close,T-0170,"range mean-reversion buy confirmed by reentry from outside lower band; previous_close=156.706, latest_close=156.713, previous_lower=156.7078039165492, latest_lower=156.70710889552254; range because abs(range_slope)=0.000231 <= threshold=0.000500 and normalized_band_width=0.000984 <= threshold=0.003000 and distance_from_middle=0.000454 <= threshold=0.002000 (bollinger_period=20, bollinger_sigma=2.0, bollinger_extreme_sigma=3.0, range_ma_period=10, range_slope_lookback=5, range_slope_threshold=0.0005, range_band_width_threshold=0.003, range_middle_distance_threshold=0.002, trend_ma_period=15, trend_slope_lookback=2, trend_slope_threshold=0.0003, trend_price_position_filter_enabled=True, range_require_reentry_confirmation=True, trend_require_break_confirmation=True, exit_on_range_middle_band=True, close_on_opposite_trend_state=True, enable_range_failure_exit=True, range_failure_adverse_move_ratio=0.28, enable_range_extreme_touch_entry=False, state=range, middle=156.78425, upper=156.86139110447743, lower=156.70710889552254, upper_3sigma=156.89996165671616, lower_3sigma=156.6685383432838, previous_upper=156.8609960834508, previous_lower=156.7078039165492, normalized_band_width=0.000984, latest_band_width=0.154282, distance_from_middle=0.000454, range_slope=-0.000231, trend_slope=-0.000053, trend_current_ma=156.78853333333333, latest_high=156.746, latest_low=156.684)",range,156.78425,156.86139110447743,156.70710889552254,0.0009840415026056272,-0.00023089797626220826,-5.272494417120616e-05,156.78853333333333,0.00045444615769754963,"buy position closed because range state returned to middle band: latest close 156.784 >= middle 156.7775 (bollinger_period=20, bollinger_sigma=2.0, bollinger_extreme_sigma=3.0, range_ma_period=10, range_slope_lookback=5, range_slope_threshold=0.0005, range_band_width_threshold=0.003, range_middle_distance_threshold=0.002, trend_ma_period=15, trend_slope_lookback=2, trend_slope_threshold=0.0003, trend_price_position_filter_enabled=True, range_require_reentry_confirmation=True, trend_require_break_confirmation=True, exit_on_range_middle_band=True, close_on_opposite_trend_state=True, enable_range_failure_exit=True, range_failure_adverse_move_ratio=0.28, enable_range_extreme_touch_entry=False, state=range, middle=156.7775, upper=156.87021138009976, lower=156.68478861990025, upper_3sigma=156.91656707014963, lower_3sigma=156.63843292985038, previous_upper=156.87087034222924, previous_lower=156.68502965777077, normalized_band_width=0.001183, latest_band_width=0.185423, distance_from_middle=0.000041, range_slope=-0.000325, trend_slope=-0.000062, trend_current_ma=156.7732, latest_high=156.785, latest_low=156.708)",range,156.7775,156.87021138009976,156.68478861990025,0.001182712826773707,-0.00032472275757891323,-6.208544147433239e-05,156.7732,4.1460030935487576e-05,,,,,,,,,,,,,,,,,,,,,,,,,,,,,,,,,,,,,,7.200000000000273,3.299999999998704,3,middle_touch_exit,5048,5051,0,0,0,2,2
legacy,,2026-02-25 16:35:00,2026-02-25 16:40:00,buy,156.639,156.501,-13.800000000000523,signal_close,T-0171,"range mean-reversion buy confirmed by reentry from outside lower band; previous_close=156.573, latest_close=156.639, previous_lower=156.59696396877555, latest_lower=156.5919735267605; range because abs(range_slope)=0.000082 <= threshold=0.000500 and normalized_band_width=0.001145 <= threshold=0.003000 and distance_from_middle=0.000273 <= threshold=0.002000 (bollinger_period=20, bollinger_sigma=2.0, bollinger_extreme_sigma=3.0, range_ma_period=10, range_slope_lookback=5, range_slope_threshold=0.0005, range_band_width_threshold=0.003, range_middle_distance_threshold=0.002, trend_ma_period=15, trend_slope_lookback=2, trend_slope_threshold=0.0003, trend_price_position_filter_enabled=True, range_require_reentry_confirmation=True, trend_require_break_confirmation=True, exit_on_range_middle_band=True, close_on_opposite_trend_state=True, enable_range_failure_exit=True, range_failure_adverse_move_ratio=0.28, enable_range_extreme_touch_entry=False, state=range, middle=156.6817, upper=156.7714264732395, lower=156.5919735267605, upper_3sigma=156.81628970985926, lower_3sigma=156.54711029014075, previous_upper=156.77323603122446, previous_lower=156.59696396877555, normalized_band_width=0.001145, latest_band_width=0.179453, distance_from_middle=0.000273, range_slope=-0.000082, trend_slope=-0.000040, trend_current_ma=156.67746666666667, latest_high=156.64, latest_low=156.561)",range,156.6817,156.7714264732395,156.5919735267605,0.0011453344358593818,-8.169512273752068e-05,-3.957174016093486e-05,156.67746666666667,0.000272527040490347,"buy position closed because range recovery failed and adverse move resumed (entry_price=156.639, previous_close=156.639, latest_close=156.501, middle=156.6705, band_width=0.23413329536822403) (bollinger_period=20, bollinger_sigma=2.0, bollinger_extreme_sigma=3.0, range_ma_period=10, range_slope_lookback=5, range_slope_threshold=0.0005, range_band_width_threshold=0.003, range_middle_distance_threshold=0.002, trend_ma_period=15, trend_slope_lookback=2, trend_slope_threshold=0.0003, trend_price_position_filter_enabled=True, range_require_reentry_confirmation=True, trend_require_break_confirmation=True, exit_on_range_middle_band=True, close_on_opposite_trend_state=True, enable_range_failure_exit=True, range_failure_adverse_move_ratio=0.28, enable_range_extreme_touch_entry=False, state=range, middle=156.6705, upper=156.78756664768412, lower=156.5534333523159, upper_3sigma=156.8460999715262, lower_3sigma=156.4949000284738, previous_upper=156.7714264732395, previous_lower=156.5919735267605, normalized_band_width=0.001494, latest_band_width=0.234133, distance_from_middle=0.001082, range_slope=-0.000219, trend_slope=-0.000097, trend_current_ma=156.6636, latest_high=156.647, latest_low=156.5)",range,156.6705,156.78756664768412,156.5534333523159,0.001494431276904229,-0.00021894394971056486,-9.702317577293907e-05,156.6636,0.0010818884218790348,,,,,,,,,,,,,,,,,,,,,,,,,,,,,,,,,,,,,,0.7999999999981355,13.900000000001,1,range_failure_exit,5075,5076,0,0,1,1,1
legacy,,2026-02-25 16:50:00,2026-02-25 17:40:00,buy,156.534,156.401,-13.299999999998136,signal_close,T-0172,"range mean-reversion buy confirmed by reentry from outside lower band; previous_close=156.519, latest_close=156.534, previous_lower=156.53140712057711, latest_lower=156.5135342190874; range because abs(range_slope)=0.000413 <= threshold=0.000500 and normalized_band_width=0.001756 <= threshold=0.003000 and distance_from_middle=0.000747 <= threshold=0.002000 (bollinger_period=20, bollinger_sigma=2.0, bollinger_extreme_sigma=3.0, range_ma_period=10, range_slope_lookback=5, range_slope_threshold=0.0005, range_band_width_threshold=0.003, range_middle_distance_threshold=0.002, trend_ma_period=15, trend_slope_lookback=2, trend_slope_threshold=0.0003, trend_price_position_filter_enabled=True, range_require_reentry_confirmation=True, trend_require_break_confirmation=True, exit_on_range_middle_band=True, close_on_opposite_trend_state=True, enable_range_failure_exit=True, range_failure_adverse_move_ratio=0.28, enable_range_extreme_touch_entry=False, state=range, middle=156.65105, upper=156.7885657809126, lower=156.5135342190874, upper_3sigma=156.85732367136887, lower_3sigma=156.44477632863112, previous_upper=156.7855928794229, previous_lower=156.53140712057711, normalized_band_width=0.001756, latest_band_width=0.275032, distance_from_middle=0.000747, range_slope=-0.000413, trend_slope=-0.000126, trend_current_ma=156.64393333333334, latest_high=156.562, latest_low=156.502)",range,156.65105,156.7885657809126,156.5135342190874,0.0017556956166280885,-0.0004130896423677236,-0.00012555013301929663,156.64393333333334,0.0007472021413198705,"buy position closed because range recovery failed and adverse move resumed (entry_price=156.534, previous_close=156.437, latest_close=156.401, middle=156.5581, band_width=0.40187341290510403) (bollinger_period=20, bollinger_sigma=2.0, bollinger_extreme_sigma=3.0, range_ma_period=10, range_slope_lookback=5, range_slope_threshold=0.0005, range_band_width_threshold=0.003, range_middle_distance_threshold=0.002, trend_ma_period=15, trend_slope_lookback=2, trend_slope_threshold=0.0003, trend_price_position_filter_enabled=True, range_require_reentry_confirmation=True, trend_require_break_confirmation=True, exit_on_range_middle_band=True, close_on_opposite_trend_state=True, enable_range_failure_exit=True, range_failure_adverse_move_ratio=0.28, enable_range_extreme_touch_entry=False, state=range, middle=156.5581, upper=156.75903670645255, lower=156.35716329354744, upper_3sigma=156.85950505967884, lower_3sigma=156.25669494032115, previous_upper=156.76980937557107, previous_lower=156.37649062442893, normalized_band_width=0.002567, latest_band_width=0.401873, distance_from_middle=0.001003, range_slope=-0.000296, trend_slope=-0.000191, trend_current_ma=156.5121333333333, latest_high=156.437, latest_low=156.395)",range,156.5581,156.75903670645255,156.35716329354744,0.0025669282707512678,-0.00029586252552835936,-0.00019125247797632314,156.5121333333333,0.0010034613348014927,,,,,,,,,,,,,,,,,,,,,,,,,,,,,,,,,,,,,,10.500000000001819,13.899999999998158,10,range_failure_exit,5078,5088,5,3,10,10,10
legacy,,2026-02-25 19:10:00,2026-02-25 19:45:00,buy,156.299,156.363,6.399999999999295,signal_close,T-0173,"range mean-reversion buy confirmed by reentry from outside lower band; previous_close=156.292, latest_close=156.299, previous_lower=156.29521366429066, latest_lower=156.28286962267796; range because abs(range_slope)=0.000354 <= threshold=0.000500 and normalized_band_width=0.001349 <= threshold=0.003000 and distance_from_middle=0.000571 <= threshold=0.002000 (bollinger_period=20, bollinger_sigma=2.0, bollinger_extreme_sigma=3.0, range_ma_period=10, range_slope_lookback=5, range_slope_threshold=0.0005, range_band_width_threshold=0.003, range_middle_distance_threshold=0.002, trend_ma_period=15, trend_slope_lookback=2, trend_slope_threshold=0.0003, trend_price_position_filter_enabled=True, range_require_reentry_confirmation=True, trend_require_break_confirmation=True, exit_on_range_middle_band=True, close_on_opposite_trend_state=True, enable_range_failure_exit=True, range_failure_adverse_move_ratio=0.28, enable_range_extreme_touch_entry=False, state=range, middle=156.38835, upper=156.49383037732204, lower=156.28286962267796, upper_3sigma=156.54657056598307, lower_3sigma=156.23012943401693, previous_upper=156.49718633570933, previous_lower=156.29521366429066, normalized_band_width=0.001349, latest_band_width=0.210961, distance_from_middle=0.000571, range_slope=-0.000354, trend_slope=-0.000065, trend_current_ma=156.38639999999998, latest_high=156.313, latest_low=156.276)",range,156.38835,156.49383037732204,156.28286962267796,0.0013489544115279498,-0.0003536554091691834,-6.479676834658953e-05,156.38639999999998,0.0005713341179186048,"buy position closed because range state returned to middle band: latest close 156.363 >= middle 156.35475 (bollinger_period=20, bollinger_sigma=2.0, bollinger_extreme_sigma=3.0, range_ma_period=10, range_slope_lookback=5, range_slope_threshold=0.0005, range_band_width_threshold=0.003, range_middle_distance_threshold=0.002, trend_ma_period=15, trend_slope_lookback=2, trend_slope_threshold=0.0003, trend_price_position_filter_enabled=True, range_require_reentry_confirmation=True, trend_require_break_confirmation=True, exit_on_range_middle_band=True, close_on_opposite_trend_state=True, enable_range_failure_exit=True, range_failure_adverse_move_ratio=0.28, enable_range_extreme_touch_entry=False, state=range, middle=156.35475, upper=156.48092903946377, lower=156.22857096053622, upper_3sigma=156.54401855919565, lower_3sigma=156.16548144080434, previous_upper=156.48996305110222, previous_lower=156.22713694889774, normalized_band_width=0.001614, latest_band_width=0.252358, distance_from_middle=0.000053, range_slope=-0.000251, trend_slope=-0.000080, trend_current_ma=156.32946666666666, latest_high=156.364, latest_low=156.31)",range,156.35475,156.48092903946377,156.22857096053622,0.0016140096730515511,-0.00025143986108745644,-7.974610885890264e-05,156.32946666666666,5.276462659435588e-05,,,,,,,,,,,,,,,,,,,,,,,,,,,,,,,,,,,,,,6.499999999999773,4.300000000000637,7,middle_touch_exit,5106,5113,5,6,4,7,7
legacy,,2026-02-25 21:40:00,2026-02-25 22:05:00,sell,156.466,156.406,6.000000000000227,signal_close,T-0174,"range mean-reversion sell confirmed by reentry from outside upper band; previous_close=156.533, latest_close=156.466, previous_upper=156.51554137790484, latest_upper=156.52329986608976; range because abs(range_slope)=0.000408 <= threshold=0.000500 and normalized_band_width=0.001552 <= threshold=0.003000 and distance_from_middle=0.000410 <= threshold=0.002000 (bollinger_period=20, bollinger_sigma=2.0, bollinger_extreme_sigma=3.0, range_ma_period=10, range_slope_lookback=5, range_slope_threshold=0.0005, range_band_width_threshold=0.003, range_middle_distance_threshold=0.002, trend_ma_period=15, trend_slope_lookback=2, trend_slope_threshold=0.0003, trend_price_position_filter_enabled=True, range_require_reentry_confirmation=True, trend_require_break_confirmation=True, exit_on_range_middle_band=True, close_on_opposite_trend_state=True, enable_range_failure_exit=True, range_failure_adverse_move_ratio=0.28, enable_range_extreme_touch_entry=False, state=range, middle=156.40195, upper=156.52329986608976, lower=156.28060013391024, upper_3sigma=156.58397479913464, lower_3sigma=156.21992520086536, previous_upper=156.51554137790484, previous_lower=156.27865862209515, normalized_band_width=0.001552, latest_band_width=0.242700, distance_from_middle=0.000410, range_slope=0.000408, trend_slope=0.000118, trend_current_ma=156.4196, latest_high=156.553, latest_low=156.464)",range,156.40195,156.52329986608976,156.28060013391024,0.0015517692214164658,0.00040780166776829406,0.0001184847252730687,156.4196,0.0004095217482902791,"sell position closed because range state returned to middle band: latest close 156.406 <= middle 156.4251 (bollinger_period=20, bollinger_sigma=2.0, bollinger_extreme_sigma=3.0, range_ma_period=10, range_slope_lookback=5, range_slope_threshold=0.0005, range_band_width_threshold=0.003, range_middle_distance_threshold=0.002, trend_ma_period=15, trend_slope_lookback=2, trend_slope_threshold=0.0003, trend_price_position_filter_enabled=True, range_require_reentry_confirmation=True, trend_require_break_confirmation=True, exit_on_range_middle_band=True, close_on_opposite_trend_state=True, enable_range_failure_exit=True, range_failure_adverse_move_ratio=0.28, enable_range_extreme_touch_entry=False, state=range, middle=156.4251, upper=156.53006837619014, lower=156.32013162380983, upper_3sigma=156.58255256428524, lower_3sigma=156.26764743571474, previous_upper=156.53104813742033, previous_lower=156.31495186257968, normalized_band_width=0.001342, latest_band_width=0.209937, distance_from_middle=0.000122, range_slope=0.000107, trend_slope=0.000047, trend_current_ma=156.44626666666667, latest_high=156.427, latest_low=156.386)",range,156.4251,156.53006837619014,156.32013162380983,0.0013420912141358088,0.00010737198128141601,4.730058541925274e-05,156.44626666666667,0.00012210316630758335,,,,,,,,,,,,,,,,,,,,,,,,,,,,,,,,,,,,,,8.00000000000125,0.49999999999954525,5,middle_touch_exit,5136,5141,1,4,5,3,5
legacy,,2026-02-26 00:05:00,2026-02-26 00:25:00,buy,156.356,156.259,-9.700000000000841,signal_close,T-0175,"range mean-reversion buy confirmed by reentry from outside lower band; previous_close=156.336, latest_close=156.356, previous_lower=156.35016519769587, latest_lower=156.34344909718197; range because abs(range_slope)=0.000230 <= threshold=0.000500 and normalized_band_width=0.000974 <= threshold=0.003000 and distance_from_middle=0.000407 <= threshold=0.002000 (bollinger_period=20, bollinger_sigma=2.0, bollinger_extreme_sigma=3.0, range_ma_period=10, range_slope_lookback=5, range_slope_threshold=0.0005, range_band_width_threshold=0.003, range_middle_distance_threshold=0.002, trend_ma_period=15, trend_slope_lookback=2, trend_slope_threshold=0.0003, trend_price_position_filter_enabled=True, range_require_reentry_confirmation=True, trend_require_break_confirmation=True, exit_on_range_middle_band=True, close_on_opposite_trend_state=True, enable_range_failure_exit=True, range_failure_adverse_move_ratio=0.28, enable_range_extreme_touch_entry=False, state=range, middle=156.4196, upper=156.49575090281803, lower=156.34344909718197, upper_3sigma=156.53382635422705, lower_3sigma=156.30537364577296, previous_upper=156.49293480230412, previous_lower=156.35016519769587, normalized_band_width=0.000974, latest_band_width=0.152302, distance_from_middle=0.000407, range_slope=-0.000230, trend_slope=-0.000050, trend_current_ma=156.4274, latest_high=156.396, latest_low=156.335)",range,156.4196,156.49575090281803,156.34344909718197,0.0009736746906145841,-0.0002295179228565741,-5.0289569900618544e-05,156.4274,0.0004065986615488602,"buy position closed because range recovery failed and adverse move resumed (entry_price=156.356, previous_close=156.348, latest_close=156.259, middle=156.40535, band_width=0.22409381963814212) (bollinger_period=20, bollinger_sigma=2.0, bollinger_extreme_sigma=3.0, range_ma_period=10, range_slope_lookback=5, range_slope_threshold=0.0005, range_band_width_threshold=0.003, range_middle_distance_threshold=0.002, trend_ma_period=15, trend_slope_lookback=2, trend_slope_threshold=0.0003, trend_price_position_filter_enabled=True, range_require_reentry_confirmation=True, trend_require_break_confirmation=True, exit_on_range_middle_band=True, close_on_opposite_trend_state=True, enable_range_failure_exit=True, range_failure_adverse_move_ratio=0.28, enable_range_extreme_touch_entry=False, state=range, middle=156.40535, upper=156.51739690981907, lower=156.29330309018093, upper_3sigma=156.57342036472858, lower_3sigma=156.23727963527142, previous_upper=156.5023530623086, previous_lower=156.32274693769142, normalized_band_width=0.001433, latest_band_width=0.224094, distance_from_middle=0.000936, range_slope=-0.000398, trend_slope=-0.000120, trend_current_ma=156.39293333333333, latest_high=156.353, latest_low=156.259)",range,156.40535,156.51739690981907,156.29330309018093,0.0014327759225508726,-0.0003977930798075146,-0.00012021003506551544,156.39293333333333,0.0009357096800078284,,,,,,,,,,,,,,,,,,,,,,,,,,,,,,,,,,,,,,4.599999999999227,9.700000000000841,4,range_failure_exit,5164,5168,1,0,4,3,4
legacy,,2026-02-26 00:35:00,2026-02-26 01:20:00,buy,156.321,156.232,-8.899999999999864,signal_close,T-0176,"range mean-reversion buy confirmed by reentry from outside lower band; previous_close=156.267, latest_close=156.321, previous_lower=156.27112535616084, latest_lower=156.26328083899705; range because abs(range_slope)=0.000409 <= threshold=0.000500 and normalized_band_width=0.001638 <= threshold=0.003000 and distance_from_middle=0.000450 <= threshold=0.002000 (bollinger_period=20, bollinger_sigma=2.0, bollinger_extreme_sigma=3.0, range_ma_period=10, range_slope_lookback=5, range_slope_threshold=0.0005, range_band_width_threshold=0.003, range_middle_distance_threshold=0.002, trend_ma_period=15, trend_slope_lookback=2, trend_slope_threshold=0.0003, trend_price_position_filter_enabled=True, range_require_reentry_confirmation=True, trend_require_break_confirmation=True, exit_on_range_middle_band=True, close_on_opposite_trend_state=True, enable_range_failure_exit=True, range_failure_adverse_move_ratio=0.28, enable_range_extreme_touch_entry=False, state=range, middle=156.39135, upper=156.51941916100293, lower=156.26328083899705, upper_3sigma=156.58345374150443, lower_3sigma=156.19924625849555, previous_upper=156.52557464383915, previous_lower=156.27112535616084, normalized_band_width=0.001638, latest_band_width=0.256138, distance_from_middle=0.000450, range_slope=-0.000409, trend_slope=-0.000142, trend_current_ma=156.37073333333333, latest_high=156.43, latest_low=156.262)",range,156.39135,156.51941916100293,156.26328083899705,0.0016378036381544216,-0.0004093689194323137,-0.00014197030049526316,156.37073333333333,0.00044983306301781136,"buy position closed because range recovery failed and adverse move resumed (entry_price=156.321, previous_close=156.301, latest_close=156.232, middle=156.32694999999998, band_width=0.18282002078547066) (bollinger_period=20, bollinger_sigma=2.0, bollinger_extreme_sigma=3.0, range_ma_period=10, range_slope_lookback=5, range_slope_threshold=0.0005, range_band_width_threshold=0.003, range_middle_distance_threshold=0.002, trend_ma_period=15, trend_slope_lookback=2, trend_slope_threshold=0.0003, trend_price_position_filter_enabled=True, range_require_reentry_confirmation=True, trend_require_break_confirmation=True, exit_on_range_middle_band=True, close_on_opposite_trend_state=True, enable_range_failure_exit=True, range_failure_adverse_move_ratio=0.28, enable_range_extreme_touch_entry=False, state=range, middle=156.32694999999998, upper=156.41836001039272, lower=156.23553998960725, upper_3sigma=156.46406501558909, lower_3sigma=156.18983498441088, previous_upper=156.42890091180823, previous_lower=156.24519908819178, normalized_band_width=0.001169, latest_band_width=0.182820, distance_from_middle=0.000607, range_slope=-0.000075, trend_slope=-0.000068, trend_current_ma=156.309, latest_high=156.302, latest_low=156.226)",range,156.32694999999998,156.41836001039272,156.23553998960725,0.0011694721913622103,-7.485226274545622e-05,-6.781439328498296e-05,156.309,0.000607380877065554,,,,,,,,,,,,,,,,,,,,,,,,,,,,,,,,,,,,,,6.700000000000728,9.499999999999886,9,range_failure_exit,5170,5179,3,6,5,3,9
legacy,,2026-02-26 01:25:00,2026-02-26 01:40:00,buy,156.254,156.203,-5.099999999998772,signal_close,T-0177,"range mean-reversion buy confirmed by reentry from outside lower band; previous_close=156.232, latest_close=156.254, previous_lower=156.23553998960725, latest_lower=156.22930287615193; range because abs(range_slope)=0.000084 <= threshold=0.000500 and normalized_band_width=0.001157 <= threshold=0.003000 and distance_from_middle=0.000420 <= threshold=0.002000 (bollinger_period=20, bollinger_sigma=2.0, bollinger_extreme_sigma=3.0, range_ma_period=10, range_slope_lookback=5, range_slope_threshold=0.0005, range_band_width_threshold=0.003, range_middle_distance_threshold=0.002, trend_ma_period=15, trend_slope_lookback=2, trend_slope_threshold=0.0003, trend_price_position_filter_enabled=True, range_require_reentry_confirmation=True, trend_require_break_confirmation=True, exit_on_range_middle_band=True, close_on_opposite_trend_state=True, enable_range_failure_exit=True, range_failure_adverse_move_ratio=0.28, enable_range_extreme_touch_entry=False, state=range, middle=156.31969999999998, upper=156.41009712384803, lower=156.22930287615193, upper_3sigma=156.45529568577206, lower_3sigma=156.1841043142279, previous_upper=156.41836001039272, previous_lower=156.23553998960725, normalized_band_width=0.001157, latest_band_width=0.180794, distance_from_middle=0.000420, range_slope=-0.000084, trend_slope=-0.000089, trend_current_ma=156.30339999999998, latest_high=156.255, latest_low=156.202)",range,156.31969999999998,156.41009712384803,156.22930287615193,0.001156567263730028,-8.445232666167546e-05,-8.87163469679626e-05,156.30339999999998,0.0004202925159144532,"buy position closed because range recovery failed and adverse move resumed (entry_price=156.254, previous_close=156.251, latest_close=156.203, middle=156.29964999999999, band_width=0.17032333956331058) (bollinger_period=20, bollinger_sigma=2.0, bollinger_extreme_sigma=3.0, range_ma_period=10, range_slope_lookback=5, range_slope_threshold=0.0005, range_band_width_threshold=0.003, range_middle_distance_threshold=0.002, trend_ma_period=15, trend_slope_lookback=2, trend_slope_threshold=0.0003, trend_price_position_filter_enabled=True, range_require_reentry_confirmation=True, trend_require_break_confirmation=True, exit_on_range_middle_band=True, close_on_opposite_trend_state=True, enable_range_failure_exit=True, range_failure_adverse_move_ratio=0.28, enable_range_extreme_touch_entry=False, state=range, middle=156.29964999999999, upper=156.38481166978164, lower=156.21448833021833, upper_3sigma=156.42739250467247, lower_3sigma=156.1719074953275, previous_upper=156.3802705346743, previous_lower=156.23232946532573, normalized_band_width=0.001090, latest_band_width=0.170323, distance_from_middle=0.000618, range_slope=-0.000228, trend_slope=-0.000065, trend_current_ma=156.28986666666665, latest_high=156.26, latest_low=156.189)",range,156.29964999999999,156.38481166978164,156.21448833021833,0.0010897231027920445,-0.0002284424257897511,-6.526334827439847e-05,156.28986666666665,0.0006183635088113287,,,,,,,,,,,,,,,,,,,,,,,,,,,,,,,,,,,,,,4.600000000002069,6.499999999999773,3,range_failure_exit,5180,5183,0,3,0,0,3
legacy,,2026-02-26 01:55:00,2026-02-26 02:15:00,buy,156.19,156.089,-10.099999999999909,signal_close,T-0178,"range mean-reversion buy confirmed by reentry from outside lower band; previous_close=156.177, latest_close=156.19, previous_lower=156.1771422432978, latest_lower=156.1660394566827; range because abs(range_slope)=0.000349 <= threshold=0.000500 and normalized_band_width=0.001394 <= threshold=0.003000 and distance_from_middle=0.000544 <= threshold=0.002000 (bollinger_period=20, bollinger_sigma=2.0, bollinger_extreme_sigma=3.0, range_ma_period=10, range_slope_lookback=5, range_slope_threshold=0.0005, range_band_width_threshold=0.003, range_middle_distance_threshold=0.002, trend_ma_period=15, trend_slope_lookback=2, trend_slope_threshold=0.0003, trend_price_position_filter_enabled=True, range_require_reentry_confirmation=True, trend_require_break_confirmation=True, exit_on_range_middle_band=True, close_on_opposite_trend_state=True, enable_range_failure_exit=True, range_failure_adverse_move_ratio=0.28, enable_range_extreme_touch_entry=False, state=range, middle=156.275, upper=156.3839605433173, lower=156.1660394566827, upper_3sigma=156.43844081497596, lower_3sigma=156.11155918502405, previous_upper=156.38825775670222, previous_lower=156.1771422432978, normalized_band_width=0.001394, latest_band_width=0.217921, distance_from_middle=0.000544, range_slope=-0.000349, trend_slope=-0.000135, trend_current_ma=156.2628, latest_high=156.242, latest_low=156.165)",range,156.275,156.3839605433173,156.1660394566827,0.0013944718389671397,-0.00034882277115043814,-0.00013524225428780456,156.2628,0.0005439129739242231,"buy position closed because range recovery failed and adverse move resumed (entry_price=156.19, previous_close=156.18, latest_close=156.089, middle=156.24975, band_width=0.2728101904255027) (bollinger_period=20, bollinger_sigma=2.0, bollinger_extreme_sigma=3.0, range_ma_period=10, range_slope_lookback=5, range_slope_threshold=0.0005, range_band_width_threshold=0.003, range_middle_distance_threshold=0.002, trend_ma_period=15, trend_slope_lookback=2, trend_slope_threshold=0.0003, trend_price_position_filter_enabled=True, range_require_reentry_confirmation=True, trend_require_break_confirmation=True, exit_on_range_middle_band=True, close_on_opposite_trend_state=True, enable_range_failure_exit=True, range_failure_adverse_move_ratio=0.28, enable_range_extreme_touch_entry=False, state=range, middle=156.24975, upper=156.38615509521276, lower=156.11334490478725, upper_3sigma=156.45435764281913, lower_3sigma=156.04514235718088, previous_upper=156.37931317221913, previous_lower=156.14338682778086, normalized_band_width=0.001746, latest_band_width=0.272810, distance_from_middle=0.001029, range_slope=-0.000337, trend_slope=-0.000142, trend_current_ma=156.226, latest_high=156.172, latest_low=156.085)",range,156.24975,156.38615509521276,156.11334490478725,0.0017459880123040369,-0.0003373916361446683,-0.00014210182684058992,156.226,0.0010288016460826802,,,,,,,,,,,,,,,,,,,,,,,,,,,,,,,,,,,,,,6.399999999999295,10.499999999998977,4,range_failure_exit,5186,5190,4,4,1,4,4
legacy,,2026-02-26 02:25:00,2026-02-26 03:00:00,buy,156.095,155.945,-15.000000000000568,signal_close,T-0179,"range mean-reversion buy confirmed by reentry from outside lower band; previous_close=156.09, latest_close=156.095, previous_lower=156.09327157145722, latest_lower=156.07553356082659; range because abs(range_slope)=0.000449 <= threshold=0.000500 and normalized_band_width=0.001907 <= threshold=0.003000 and distance_from_middle=0.000829 <= threshold=0.002000 (bollinger_period=20, bollinger_sigma=2.0, bollinger_extreme_sigma=3.0, range_ma_period=10, range_slope_lookback=5, range_slope_threshold=0.0005, range_band_width_threshold=0.003, range_middle_distance_threshold=0.002, trend_ma_period=15, trend_slope_lookback=2, trend_slope_threshold=0.0003, trend_price_position_filter_enabled=True, range_require_reentry_confirmation=True, trend_require_break_confirmation=True, exit_on_range_middle_band=True, close_on_opposite_trend_state=True, enable_range_failure_exit=True, range_failure_adverse_move_ratio=0.28, enable_range_extreme_touch_entry=False, state=range, middle=156.22449999999998, upper=156.37346643917337, lower=156.07553356082659, upper_3sigma=156.44794965876005, lower_3sigma=156.0010503412399, previous_upper=156.37892842854276, previous_lower=156.09327157145722, normalized_band_width=0.001907, latest_band_width=0.297933, distance_from_middle=0.000829, range_slope=-0.000449, trend_slope=-0.000186, trend_current_ma=156.197, latest_high=156.102, latest_low=156.071)",range,156.22449999999998,156.37346643917337,156.07553356082659,0.0019070816571458702,-0.0004488919540759613,-0.000185662976881735,156.197,0.000828935282237926,"buy position closed because range recovery failed and adverse move resumed (entry_price=156.095, previous_close=156.021, latest_close=155.945, middle=156.137, band_width=0.3554265043578084) (bollinger_period=20, bollinger_sigma=2.0, bollinger_extreme_sigma=3.0, range_ma_period=10, range_slope_lookback=5, range_slope_threshold=0.0005, range_band_width_threshold=0.003, range_middle_distance_threshold=0.002, trend_ma_period=15, trend_slope_lookback=2, trend_slope_threshold=0.0003, trend_price_position_filter_enabled=True, range_require_reentry_confirmation=True, trend_require_break_confirmation=True, exit_on_range_middle_band=True, close_on_opposite_trend_state=True, enable_range_failure_exit=True, range_failure_adverse_move_ratio=0.28, enable_range_extreme_touch_entry=False, state=range, middle=156.137, upper=156.3147132521789, lower=155.9592867478211, upper_3sigma=156.40356987826834, lower_3sigma=155.87043012173166, previous_upper=156.31006518515883, previous_lower=155.99263481484118, normalized_band_width=0.002276, latest_band_width=0.355427, distance_from_middle=0.001230, range_slope=-0.000481, trend_slope=-0.000177, trend_current_ma=156.10399999999998, latest_high=156.031, latest_low=155.923)",range,156.137,156.3147132521789,155.9592867478211,0.0022763759029429823,-0.0004812276366916654,-0.00017723227250214993,156.10399999999998,0.001229689311309986,,,,,,,,,,,,,,,,,,,,,,,,,,,,,,,,,,,,,,6.399999999999295,17.199999999999704,7,range_failure_exit,5192,5199,7,7,7,5,7
legacy,,2026-02-26 03:05:00,2026-02-26 03:20:00,buy,155.996,155.885,-11.100000000001842,signal_close,T-0180,"range mean-reversion buy confirmed by reentry from outside lower band; previous_close=155.945, latest_close=155.996, previous_lower=155.9592867478211, latest_lower=155.94478251618986; range because abs(range_slope)=0.000471 <= threshold=0.000500 and normalized_band_width=0.002297 <= threshold=0.003000 and distance_from_middle=0.000821 <= threshold=0.002000 (bollinger_period=20, bollinger_sigma=2.0, bollinger_extreme_sigma=3.0, range_ma_period=10, range_slope_lookback=5, range_slope_threshold=0.0005, range_band_width_threshold=0.003, range_middle_distance_threshold=0.002, trend_ma_period=15, trend_slope_lookback=2, trend_slope_threshold=0.0003, trend_price_position_filter_enabled=True, range_require_reentry_confirmation=True, trend_require_break_confirmation=True, exit_on_range_middle_band=True, close_on_opposite_trend_state=True, enable_range_failure_exit=True, range_failure_adverse_move_ratio=0.28, enable_range_extreme_touch_entry=False, state=range, middle=156.1241, upper=156.30341748381014, lower=155.94478251618986, upper_3sigma=156.39307622571522, lower_3sigma=155.85512377428478, previous_upper=156.3147132521789, previous_lower=155.9592867478211, normalized_band_width=0.002297, latest_band_width=0.358635, distance_from_middle=0.000821, range_slope=-0.000471, trend_slope=-0.000177, trend_current_ma=156.09193333333332, latest_high=156.001, latest_low=155.926)",range,156.1241,156.30341748381014,155.94478251618986,0.0022971147159232676,-0.000471003185519476,-0.0001768188746890304,156.09193333333332,0.0008205011269880129,"buy position closed because range recovery failed and adverse move resumed (entry_price=155.996, previous_close=156.012, latest_close=155.885, middle=156.0846, band_width=0.34881605467637655) (bollinger_period=20, bollinger_sigma=2.0, bollinger_extreme_sigma=3.0, range_ma_period=10, range_slope_lookback=5, range_slope_threshold=0.0005, range_band_width_threshold=0.003, range_middle_distance_threshold=0.002, trend_ma_period=15, trend_slope_lookback=2, trend_slope_threshold=0.0003, trend_price_position_filter_enabled=True, range_require_reentry_confirmation=True, trend_require_break_confirmation=True, exit_on_range_middle_band=True, close_on_opposite_trend_state=True, enable_range_failure_exit=True, range_failure_adverse_move_ratio=0.28, enable_range_extreme_touch_entry=False, state=range, middle=156.0846, upper=156.25900802733818, lower=155.9101919726618, upper_3sigma=156.34621204100728, lower_3sigma=155.8229879589927, previous_upper=156.25620035324303, previous_lower=155.944799646757, normalized_band_width=0.002235, latest_band_width=0.348816, distance_from_middle=0.001279, range_slope=-0.000384, trend_slope=-0.000224, trend_current_ma=156.04840000000002, latest_high=156.009, latest_low=155.88)",range,156.0846,156.25900802733818,155.9101919726618,0.0022347884075455014,-0.0003839182478456387,-0.00022386216925856148,156.04840000000002,0.0012787936798377532,,,,,,,,,,,,,,,,,,,,,,,,,,,,,,,,,,,,,,7.599999999999341,11.600000000001387,3,range_failure_exit,5200,5203,1,3,0,1,3
legacy,,2026-02-26 03:25:00,2026-02-26 03:55:00,buy,155.954,155.851,-10.300000000000864,signal_close,T-0181,"range mean-reversion buy confirmed by reentry from outside lower band; previous_close=155.885, latest_close=155.954, previous_lower=155.9101919726618, latest_lower=155.89568404686128; range because abs(range_slope)=0.000299 <= threshold=0.000500 and normalized_band_width=0.002277 <= threshold=0.003000 and distance_from_middle=0.000765 <= threshold=0.002000 (bollinger_period=20, bollinger_sigma=2.0, bollinger_extreme_sigma=3.0, range_ma_period=10, range_slope_lookback=5, range_slope_threshold=0.0005, range_band_width_threshold=0.003, range_middle_distance_threshold=0.002, trend_ma_period=15, trend_slope_lookback=2, trend_slope_threshold=0.0003, trend_price_position_filter_enabled=True, range_require_reentry_confirmation=True, trend_require_break_confirmation=True, exit_on_range_middle_band=True, close_on_opposite_trend_state=True, enable_range_failure_exit=True, range_failure_adverse_move_ratio=0.28, enable_range_extreme_touch_entry=False, state=range, middle=156.0734, upper=156.2511159531387, lower=155.89568404686128, upper_3sigma=156.33997392970807, lower_3sigma=155.80682607029192, previous_upper=156.25900802733818, previous_lower=155.9101919726618, normalized_band_width=0.002277, latest_band_width=0.355432, distance_from_middle=0.000765, range_slope=-0.000299, trend_slope=-0.000221, trend_current_ma=156.03333333333333, latest_high=155.983, latest_low=155.887)",range,156.0734,156.2511159531387,155.89568404686128,0.0022773381388335946,-0.00029933498918365844,-0.00022132023071999265,156.03333333333333,0.0007650246614732852,"buy position closed because range recovery failed and adverse move resumed (entry_price=155.954, previous_close=155.887, latest_close=155.851, middle=155.9959, band_width=0.3098332454724755) (bollinger_period=20, bollinger_sigma=2.0, bollinger_extreme_sigma=3.0, range_ma_period=10, range_slope_lookback=5, range_slope_threshold=0.0005, range_band_width_threshold=0.003, range_middle_distance_threshold=0.002, trend_ma_period=15, trend_slope_lookback=2, trend_slope_threshold=0.0003, trend_price_position_filter_enabled=True, range_require_reentry_confirmation=True, trend_require_break_confirmation=True, exit_on_range_middle_band=True, close_on_opposite_trend_state=True, enable_range_failure_exit=True, range_failure_adverse_move_ratio=0.28, enable_range_extreme_touch_entry=False, state=range, middle=155.9959, upper=156.15081662273624, lower=155.84098337726377, upper_3sigma=156.22827493410438, lower_3sigma=155.76352506589564, previous_upper=156.1526, previous_lower=155.863, normalized_band_width=0.001986, latest_band_width=0.309833, distance_from_middle=0.000929, range_slope=-0.000407, trend_slope=-0.000165, trend_current_ma=155.97093333333333, latest_high=155.912, latest_low=155.831)",range,155.9959,156.15081662273624,155.84098337726377,0.00198616274833169,-0.00040720293904335377,-0.00016541543638047828,155.97093333333333,0.0009288705664700605,,,,,,,,,,,,,,,,,,,,,,,,,,,,,,,,,,,,,,6.60000000000025,12.300000000001887,6,range_failure_exit,5204,5210,0,6,0,2,6
legacy,,2026-02-26 08:20:00,2026-02-26 09:00:00,sell,156.01,156.081,-7.099999999999795,signal_close,T-0182,"range mean-reversion sell confirmed by reentry from outside upper band; previous_close=156.071, latest_close=156.01, previous_upper=156.06826054805376, latest_upper=156.06263705693522; range because abs(range_slope)=0.000286 <= threshold=0.000500 and normalized_band_width=0.001468 <= threshold=0.003000 and distance_from_middle=0.000396 <= threshold=0.002000 (bollinger_period=20, bollinger_sigma=2.0, bollinger_extreme_sigma=3.0, range_ma_period=10, range_slope_lookback=5, range_slope_threshold=0.0005, range_band_width_threshold=0.003, range_middle_distance_threshold=0.002, trend_ma_period=15, trend_slope_lookback=2, trend_slope_threshold=0.0003, trend_price_position_filter_enabled=True, range_require_reentry_confirmation=True, trend_require_break_confirmation=True, exit_on_range_middle_band=True, close_on_opposite_trend_state=True, enable_range_failure_exit=True, range_failure_adverse_move_ratio=0.28, enable_range_extreme_touch_entry=False, state=range, middle=155.94819999999999, upper=156.06263705693522, lower=155.83376294306476, upper_3sigma=156.11985558540286, lower_3sigma=155.7765444145971, previous_upper=156.06826054805376, previous_lower=155.83123945194623, normalized_band_width=0.001468, latest_band_width=0.228874, distance_from_middle=0.000396, range_slope=0.000286, trend_slope=0.000121, trend_current_ma=155.9488, latest_high=156.072, latest_low=156.01)",range,155.94819999999999,156.06263705693522,155.83376294306476,0.0014676290836986954,0.0002859720452709845,0.00012140736788828498,155.9488,0.00039628543324004504,"sell position closed because range recovery failed and adverse move resumed (entry_price=156.01, previous_close=155.99, latest_close=156.081, middle=155.98125, band_width=0.24211691390729584) (bollinger_period=20, bollinger_sigma=2.0, bollinger_extreme_sigma=3.0, range_ma_period=10, range_slope_lookback=5, range_slope_threshold=0.0005, range_band_width_threshold=0.003, range_middle_distance_threshold=0.002, trend_ma_period=15, trend_slope_lookback=2, trend_slope_threshold=0.0003, trend_price_position_filter_enabled=True, range_require_reentry_confirmation=True, trend_require_break_confirmation=True, exit_on_range_middle_band=True, close_on_opposite_trend_state=True, enable_range_failure_exit=True, range_failure_adverse_move_ratio=0.28, enable_range_extreme_touch_entry=False, state=range, middle=155.98125, upper=156.10230845695364, lower=155.86019154304634, upper_3sigma=156.16283768543047, lower_3sigma=155.7996623145695, previous_upper=156.08794420717092, previous_lower=155.8583557928291, normalized_band_width=0.001552, latest_band_width=0.242117, distance_from_middle=0.000639, range_slope=0.000134, trend_slope=0.000128, trend_current_ma=156.00346666666667, latest_high=156.088, latest_low=156.004)",range,155.98125,156.10230845695364,155.86019154304634,0.0015522180640769058,0.00013395606881888363,0.0001277749383345729,156.00346666666667,0.0006394999398966237,,,,,,,,,,,,,,,,,,,,,,,,,,,,,,,,,,,,,,7.899999999997931,7.800000000000296,8,range_failure_exit,5263,5271,0,0,0,4,4
legacy,,2026-02-26 09:10:00,2026-02-26 09:50:00,sell,156.145,156.02,12.5,signal_close,T-0183,"range mean-reversion sell confirmed by reentry from outside upper band; previous_close=156.132, latest_close=156.145, previous_upper=156.1267208885502, latest_upper=156.15067476548214; range because abs(range_slope)=0.000193 <= threshold=0.000500 and normalized_band_width=0.001930 <= threshold=0.003000 and distance_from_middle=0.000929 <= threshold=0.002000 (bollinger_period=20, bollinger_sigma=2.0, bollinger_extreme_sigma=3.0, range_ma_period=10, range_slope_lookback=5, range_slope_threshold=0.0005, range_band_width_threshold=0.003, range_middle_distance_threshold=0.002, trend_ma_period=15, trend_slope_lookback=2, trend_slope_threshold=0.0003, trend_price_position_filter_enabled=True, range_require_reentry_confirmation=True, trend_require_break_confirmation=True, exit_on_range_middle_band=True, close_on_opposite_trend_state=True, enable_range_failure_exit=True, range_failure_adverse_move_ratio=0.28, enable_range_extreme_touch_entry=False, state=range, middle=156.0001, upper=156.15067476548214, lower=155.84952523451787, upper_3sigma=156.2259621482232, lower_3sigma=155.7742378517768, previous_upper=156.1267208885502, previous_lower=155.8553791114498, normalized_band_width=0.001930, latest_band_width=0.301150, distance_from_middle=0.000929, range_slope=0.000193, trend_slope=0.000189, trend_current_ma=156.03293333333335, latest_high=156.158, latest_low=156.12)",range,156.0001,156.15067476548214,155.84952523451787,0.0019304444738449968,0.00019289814401245362,0.00018884902076235946,156.03293333333335,0.0009288455584323787,"sell position closed because range state returned to middle band: latest close 156.02 <= middle 156.06715 (bollinger_period=20, bollinger_sigma=2.0, bollinger_extreme_sigma=3.0, range_ma_period=10, range_slope_lookback=5, range_slope_threshold=0.0005, range_band_width_threshold=0.003, range_middle_distance_threshold=0.002, trend_ma_period=15, trend_slope_lookback=2, trend_slope_threshold=0.0003, trend_price_position_filter_enabled=True, range_require_reentry_confirmation=True, trend_require_break_confirmation=True, exit_on_range_middle_band=True, close_on_opposite_trend_state=True, enable_range_failure_exit=True, range_failure_adverse_move_ratio=0.28, enable_range_extreme_touch_entry=False, state=range, middle=156.06715, upper=156.1873386433903, lower=155.9469613566097, upper_3sigma=156.24743296508544, lower_3sigma=155.88686703491456, previous_upper=156.1911176388669, previous_lower=155.9376823611331, normalized_band_width=0.001540, latest_band_width=0.240377, distance_from_middle=0.000302, range_slope=0.000258, trend_slope=0.000037, trend_current_ma=156.07853333333333, latest_high=156.082, latest_low=156.018)",range,156.06715,156.1873386433903,155.9469613566097,0.0015402170590068799,0.0002581463427133038,3.716077974417316e-05,156.07853333333333,0.0003021135453552385,,,,,,,,,,,,,,,,,,,,,,,,,,,,,,,,,,,,,,12.700000000000955,2.4999999999977263,8,middle_touch_exit,5273,5281,0,7,0,3,7
legacy,,2026-02-26 10:50:00,2026-02-26 11:25:00,buy,155.962,156.032,7.00000000000216,signal_close,T-0184,"range mean-reversion buy confirmed by reentry from outside lower band; previous_close=155.933, latest_close=155.962, previous_lower=155.96125974911197, latest_lower=155.94636123659208; range because abs(range_slope)=0.000268 <= threshold=0.000500 and normalized_band_width=0.001552 <= threshold=0.003000 and distance_from_middle=0.000676 <= threshold=0.002000 (bollinger_period=20, bollinger_sigma=2.0, bollinger_extreme_sigma=3.0, range_ma_period=10, range_slope_lookback=5, range_slope_threshold=0.0005, range_band_width_threshold=0.003, range_middle_distance_threshold=0.002, trend_ma_period=15, trend_slope_lookback=2, trend_slope_threshold=0.0003, trend_price_position_filter_enabled=True, range_require_reentry_confirmation=True, trend_require_break_confirmation=True, exit_on_range_middle_band=True, close_on_opposite_trend_state=True, enable_range_failure_exit=True, range_failure_adverse_move_ratio=0.28, enable_range_extreme_touch_entry=False, state=range, middle=156.0675, upper=156.1886387634079, lower=155.94636123659208, upper_3sigma=156.24920814511188, lower_3sigma=155.8857918548881, previous_upper=156.19204025088803, previous_lower=155.96125974911197, normalized_band_width=0.001552, latest_band_width=0.242278, distance_from_middle=0.000676, range_slope=-0.000268, trend_slope=-0.000149, trend_current_ma=156.04693333333336, latest_high=155.985, latest_low=155.925)",range,156.0675,156.1886387634079,155.94636123659208,0.0015523893623965667,-0.00026789496722769694,-0.00014910044157640114,156.04693333333336,0.0006759895558012166,"buy position closed because range state returned to middle band: latest close 156.032 >= middle 156.02415000000002 (bollinger_period=20, bollinger_sigma=2.0, bollinger_extreme_sigma=3.0, range_ma_period=10, range_slope_lookback=5, range_slope_threshold=0.0005, range_band_width_threshold=0.003, range_middle_distance_threshold=0.002, trend_ma_period=15, trend_slope_lookback=2, trend_slope_threshold=0.0003, trend_price_position_filter_enabled=True, range_require_reentry_confirmation=True, trend_require_break_confirmation=True, exit_on_range_middle_band=True, close_on_opposite_trend_state=True, enable_range_failure_exit=True, range_failure_adverse_move_ratio=0.28, enable_range_extreme_touch_entry=False, state=range, middle=156.02415000000002, upper=156.12984820244452, lower=155.91845179755552, upper_3sigma=156.18269730366677, lower_3sigma=155.86560269633327, previous_upper=156.13514565859583, previous_lower=155.91805434140417, normalized_band_width=0.001355, latest_band_width=0.211396, distance_from_middle=0.000050, range_slope=-0.000141, trend_slope=-0.000062, trend_current_ma=156.00626666666668, latest_high=156.037, latest_low=155.98)",range,156.02415000000002,156.12984820244452,155.91845179755552,0.0013548954113129352,-0.00014103865997881445,-6.19633228407481e-05,156.00626666666668,5.031272402375264e-05,,,,,,,,,,,,,,,,,,,,,,,,,,,,,,,,,,,,,,8.100000000001728,3.6000000000001364,7,middle_touch_exit,5293,5300,0,1,0,3,4
legacy,,2026-02-26 13:05:00,2026-02-26 13:30:00,buy,155.979,156.048,6.89999999999884,signal_close,T-0185,"range mean-reversion buy confirmed by reentry from outside lower band; previous_close=155.942, latest_close=155.979, previous_lower=155.95209583343973, latest_lower=155.94602653265127; range because abs(range_slope)=0.000306 <= threshold=0.000500 and normalized_band_width=0.001090 <= threshold=0.003000 and distance_from_middle=0.000334 <= threshold=0.002000 (bollinger_period=20, bollinger_sigma=2.0, bollinger_extreme_sigma=3.0, range_ma_period=10, range_slope_lookback=5, range_slope_threshold=0.0005, range_band_width_threshold=0.003, range_middle_distance_threshold=0.002, trend_ma_period=15, trend_slope_lookback=2, trend_slope_threshold=0.0003, trend_price_position_filter_enabled=True, range_require_reentry_confirmation=True, trend_require_break_confirmation=True, exit_on_range_middle_band=True, close_on_opposite_trend_state=True, enable_range_failure_exit=True, range_failure_adverse_move_ratio=0.28, enable_range_extreme_touch_entry=False, state=range, middle=156.03105, upper=156.1160734673487, lower=155.94602653265127, upper_3sigma=156.15858520102307, lower_3sigma=155.90351479897691, previous_upper=156.1153041665603, previous_lower=155.95209583343973, normalized_band_width=0.001090, latest_band_width=0.170047, distance_from_middle=0.000334, range_slope=-0.000306, trend_slope=-0.000087, trend_current_ma=156.03053333333335, latest_high=155.985, latest_low=155.94)",range,156.03105,156.1160734673487,155.94602653265127,0.001089827535592683,-0.0003063864918171321,-8.716242718303464e-05,156.03053333333335,0.00033358744942099634,"buy position closed because range state returned to middle band: latest close 156.048 >= middle 156.0207 (bollinger_period=20, bollinger_sigma=2.0, bollinger_extreme_sigma=3.0, range_ma_period=10, range_slope_lookback=5, range_slope_threshold=0.0005, range_band_width_threshold=0.003, range_middle_distance_threshold=0.002, trend_ma_period=15, trend_slope_lookback=2, trend_slope_threshold=0.0003, trend_price_position_filter_enabled=True, range_require_reentry_confirmation=True, trend_require_break_confirmation=True, exit_on_range_middle_band=True, close_on_opposite_trend_state=True, enable_range_failure_exit=True, range_failure_adverse_move_ratio=0.28, enable_range_extreme_touch_entry=False, state=range, middle=156.0207, upper=156.1160060333872, lower=155.9253939666128, upper_3sigma=156.16365905008078, lower_3sigma=155.87774094991923, previous_upper=156.1174334489135, previous_lower=155.9251665510865, normalized_band_width=0.001222, latest_band_width=0.190612, distance_from_middle=0.000175, range_slope=-0.000196, trend_slope=-0.000034, trend_current_ma=156.00513333333336, latest_high=156.05, latest_low=156.012)",range,156.0207,156.1160060333872,155.9253939666128,0.0012217101113788506,-0.0001961771107470606,-3.418690923404291e-05,156.00513333333336,0.00017497678192699283,,,,,,,,,,,,,,,,,,,,,,,,,,,,,,,,,,,,,,7.099999999999795,4.800000000000182,5,middle_touch_exit,5320,5325,0,0,1,5,5
legacy,,2026-02-26 16:10:00,2026-02-26 16:30:00,sell,156.176,156.085,9.099999999997976,signal_close,T-0186,"range mean-reversion sell confirmed by reentry from outside upper band; previous_close=156.206, latest_close=156.176, previous_upper=156.18899018005763, latest_upper=156.20134339157246; range because abs(range_slope)=0.000356 <= threshold=0.000500 and normalized_band_width=0.001554 <= threshold=0.003000 and distance_from_middle=0.000614 <= threshold=0.002000 (bollinger_period=20, bollinger_sigma=2.0, bollinger_extreme_sigma=3.0, range_ma_period=10, range_slope_lookback=5, range_slope_threshold=0.0005, range_band_width_threshold=0.003, range_middle_distance_threshold=0.002, trend_ma_period=15, trend_slope_lookback=2, trend_slope_threshold=0.0003, trend_price_position_filter_enabled=True, range_require_reentry_confirmation=True, trend_require_break_confirmation=True, exit_on_range_middle_band=True, close_on_opposite_trend_state=True, enable_range_failure_exit=True, range_failure_adverse_move_ratio=0.28, enable_range_extreme_touch_entry=False, state=range, middle=156.0801, upper=156.20134339157246, lower=155.9588566084275, upper_3sigma=156.2619650873587, lower_3sigma=155.89823491264127, previous_upper=156.18899018005763, previous_lower=155.9535098199424, normalized_band_width=0.001554, latest_band_width=0.242487, distance_from_middle=0.000614, range_slope=0.000356, trend_slope=0.000086, trend_current_ma=156.08306666666667, latest_high=156.208, latest_low=156.155)",range,156.0801,156.20134339157246,155.9588566084275,0.0015536047397775544,0.000355541091901895,8.627884468369014e-05,156.08306666666667,0.0006144281045437588,"sell position closed because range state returned to middle band: latest close 156.085 <= middle 156.09535 (bollinger_period=20, bollinger_sigma=2.0, bollinger_extreme_sigma=3.0, range_ma_period=10, range_slope_lookback=5, range_slope_threshold=0.0005, range_band_width_threshold=0.003, range_middle_distance_threshold=0.002, trend_ma_period=15, trend_slope_lookback=2, trend_slope_threshold=0.0003, trend_price_position_filter_enabled=True, range_require_reentry_confirmation=True, trend_require_break_confirmation=True, exit_on_range_middle_band=True, close_on_opposite_trend_state=True, enable_range_failure_exit=True, range_failure_adverse_move_ratio=0.28, enable_range_extreme_touch_entry=False, state=range, middle=156.09535, upper=156.2288135156138, lower=155.96188648438618, upper_3sigma=156.29554527342071, lower_3sigma=155.89515472657928, previous_upper=156.23012063510933, previous_lower=155.96307936489066, normalized_band_width=0.001710, latest_band_width=0.266927, distance_from_middle=0.000066, range_slope=0.000420, trend_slope=0.000046, trend_current_ma=156.10513333333333, latest_high=156.122, latest_low=156.058)",range,156.09535,156.2288135156138,155.96188648438618,0.001710025514710233,0.0004201180172990589,4.569569994928265e-05,156.10513333333333,6.630562665696521e-05,,,,,,,,,,,,,,,,,,,,,,,,,,,,,,,,,,,,,,11.7999999999995,4.200000000000159,4,middle_touch_exit,5357,5361,0,0,4,4,4
legacy,,2026-02-26 19:40:00,2026-02-26 20:35:00,sell,156.334,156.334,0.0,signal_close,T-0187,"range mean-reversion sell confirmed by reentry from outside upper band; previous_close=156.385, latest_close=156.334, previous_upper=156.36938869127388, latest_upper=156.37963060453976; range because abs(range_slope)=0.000495 <= threshold=0.000500 and normalized_band_width=0.001838 <= threshold=0.003000 and distance_from_middle=0.000627 <= threshold=0.002000 (bollinger_period=20, bollinger_sigma=2.0, bollinger_extreme_sigma=3.0, range_ma_period=10, range_slope_lookback=5, range_slope_threshold=0.0005, range_band_width_threshold=0.003, range_middle_distance_threshold=0.002, trend_ma_period=15, trend_slope_lookback=2, trend_slope_threshold=0.0003, trend_price_position_filter_enabled=True, range_require_reentry_confirmation=True, trend_require_break_confirmation=True, exit_on_range_middle_band=True, close_on_opposite_trend_state=True, enable_range_failure_exit=True, range_failure_adverse_move_ratio=0.28, enable_range_extreme_touch_entry=False, state=range, middle=156.23605, upper=156.37963060453976, lower=156.09246939546026, upper_3sigma=156.45142090680963, lower_3sigma=156.02067909319038, previous_upper=156.36938869127388, previous_lower=156.08201130872615, normalized_band_width=0.001838, latest_band_width=0.287161, distance_from_middle=0.000627, range_slope=0.000495, trend_slope=0.000146, trend_current_ma=156.2472, latest_high=156.388, latest_low=156.334)",range,156.23605,156.37963060453976,156.09246939546026,0.0018379958343768912,0.0004946443392017459,0.00014592261493319238,156.2472,0.0006269359728436382,"sell position closed because range state returned to middle band: latest close 156.334 <= middle 156.33555 (bollinger_period=20, bollinger_sigma=2.0, bollinger_extreme_sigma=3.0, range_ma_period=10, range_slope_lookback=5, range_slope_threshold=0.0005, range_band_width_threshold=0.003, range_middle_distance_threshold=0.002, trend_ma_period=15, trend_slope_lookback=2, trend_slope_threshold=0.0003, trend_price_position_filter_enabled=True, range_require_reentry_confirmation=True, trend_require_break_confirmation=True, exit_on_range_middle_band=True, close_on_opposite_trend_state=True, enable_range_failure_exit=True, range_failure_adverse_move_ratio=0.28, enable_range_extreme_touch_entry=False, state=range, middle=156.33555, upper=156.4655907243905, lower=156.20550927560953, upper_3sigma=156.5306110865857, lower_3sigma=156.14048891341432, previous_upper=156.48388282830854, previous_lower=156.16651717169145, normalized_band_width=0.001664, latest_band_width=0.260081, distance_from_middle=0.000010, range_slope=0.000006, trend_slope=0.000072, trend_current_ma=156.37073333333333, latest_high=156.37, latest_low=156.316)",range,156.33555,156.4655907243905,156.20550927560953,0.001663610412225279,5.755498739555083e-06,7.162465610573965e-05,156.37073333333333,9.914571573828358e-06,,,,,,,,,,,,,,,,,,,,,,,,,,,,,,,,,,,,,,1.8000000000000682,9.499999999999886,11,middle_touch_exit,5399,5410,5,10,0,9,10
legacy,,2026-02-26 21:45:00,2026-02-26 22:35:00,buy,156.214,156.093,-12.100000000000932,signal_close,T-0188,"range mean-reversion buy confirmed by reentry from outside lower band; previous_close=156.224, latest_close=156.214, previous_lower=156.22633874069294, latest_lower=156.208871621307; range because abs(range_slope)=0.000393 <= threshold=0.000500 and normalized_band_width=0.001485 <= threshold=0.003000 and distance_from_middle=0.000710 <= threshold=0.002000 (bollinger_period=20, bollinger_sigma=2.0, bollinger_extreme_sigma=3.0, range_ma_period=10, range_slope_lookback=5, range_slope_threshold=0.0005, range_band_width_threshold=0.003, range_middle_distance_threshold=0.002, trend_ma_period=15, trend_slope_lookback=2, trend_slope_threshold=0.0003, trend_price_position_filter_enabled=True, range_require_reentry_confirmation=True, trend_require_break_confirmation=True, exit_on_range_middle_band=True, close_on_opposite_trend_state=True, enable_range_failure_exit=True, range_failure_adverse_move_ratio=0.28, enable_range_extreme_touch_entry=False, state=range, middle=156.32495, upper=156.441028378693, lower=156.208871621307, upper_3sigma=156.49906756803952, lower_3sigma=156.15083243196048, previous_upper=156.44106125930705, previous_lower=156.22633874069294, normalized_band_width=0.001485, latest_band_width=0.232157, distance_from_middle=0.000710, range_slope=-0.000393, trend_slope=-0.000130, trend_current_ma=156.30993333333333, latest_high=156.225, latest_low=156.21)",range,156.32495,156.441028378693,156.208871621307,0.0014850908788776708,-0.00039287802992778403,-0.00013008343679600634,156.30993333333333,0.0007097395521316498,"buy position closed because range recovery failed and adverse move resumed (entry_price=156.214, previous_close=156.104, latest_close=156.093, middle=156.198, band_width=0.36937568950867217) (bollinger_period=20, bollinger_sigma=2.0, bollinger_extreme_sigma=3.0, range_ma_period=10, range_slope_lookback=5, range_slope_threshold=0.0005, range_band_width_threshold=0.003, range_middle_distance_threshold=0.002, trend_ma_period=15, trend_slope_lookback=2, trend_slope_threshold=0.0003, trend_price_position_filter_enabled=True, range_require_reentry_confirmation=True, trend_require_break_confirmation=True, exit_on_range_middle_band=True, close_on_opposite_trend_state=True, enable_range_failure_exit=True, range_failure_adverse_move_ratio=0.28, enable_range_extreme_touch_entry=False, state=range, middle=156.198, upper=156.38268784475434, lower=156.01331215524567, upper_3sigma=156.4750317671315, lower_3sigma=155.92096823286852, previous_upper=156.4076532235058, previous_lower=156.0175467764942, normalized_band_width=0.002365, latest_band_width=0.369376, distance_from_middle=0.000672, range_slope=-0.000455, trend_slope=-0.000170, trend_current_ma=156.15619999999998, latest_high=156.108, latest_low=156.091)",range,156.198,156.38268784475434,156.01331215524567,0.0023647914154385596,-0.0004554381622589814,-0.00016991533690856656,156.15619999999998,0.0006722237160528187,,,,,,,,,,,,,,,,,,,,,,,,,,,,,,,,,,,,,,0.0,13.599999999999568,10,range_failure_exit,5424,5434,10,6,10,9,10
legacy,,2026-02-26 23:40:00,2026-02-26 23:45:00,buy,156.071,156.103,3.2000000000010687,signal_close,T-0189,"range mean-reversion buy confirmed by reentry from outside lower band; previous_close=156.048, latest_close=156.071, previous_lower=156.04937288193716, latest_lower=156.047015451877; range because abs(range_slope)=0.000004 <= threshold=0.000500 and normalized_band_width=0.000627 <= threshold=0.003000 and distance_from_middle=0.000160 <= threshold=0.002000 (bollinger_period=20, bollinger_sigma=2.0, bollinger_extreme_sigma=3.0, range_ma_period=10, range_slope_lookback=5, range_slope_threshold=0.0005, range_band_width_threshold=0.003, range_middle_distance_threshold=0.002, trend_ma_period=15, trend_slope_lookback=2, trend_slope_threshold=0.0003, trend_price_position_filter_enabled=True, range_require_reentry_confirmation=True, trend_require_break_confirmation=True, exit_on_range_middle_band=True, close_on_opposite_trend_state=True, enable_range_failure_exit=True, range_failure_adverse_move_ratio=0.28, enable_range_extreme_touch_entry=False, state=range, middle=156.09595, upper=156.14488454812297, lower=156.047015451877, upper_3sigma=156.16935182218447, lower_3sigma=156.0225481778155, previous_upper=156.14822711806286, previous_lower=156.04937288193716, normalized_band_width=0.000627, latest_band_width=0.097869, distance_from_middle=0.000160, range_slope=0.000004, trend_slope=-0.000024, trend_current_ma=156.09380000000002, latest_high=156.071, latest_low=156.041)",range,156.09595,156.14488454812297,156.047015451877,0.0006269803684590939,3.843667781489384e-06,-2.4344336546256405e-05,156.09380000000002,0.0001598375870737826,"buy position closed because range state returned to middle band: latest close 156.103 >= middle 156.0961 (bollinger_period=20, bollinger_sigma=2.0, bollinger_extreme_sigma=3.0, range_ma_period=10, range_slope_lookback=5, range_slope_threshold=0.0005, range_band_width_threshold=0.003, range_middle_distance_threshold=0.002, trend_ma_period=15, trend_slope_lookback=2, trend_slope_threshold=0.0003, trend_price_position_filter_enabled=True, range_require_reentry_confirmation=True, trend_require_break_confirmation=True, exit_on_range_middle_band=True, close_on_opposite_trend_state=True, enable_range_failure_exit=True, range_failure_adverse_move_ratio=0.28, enable_range_extreme_touch_entry=False, state=range, middle=156.0961, upper=156.14510163262588, lower=156.04709836737413, upper_3sigma=156.1696024489388, lower_3sigma=156.0225975510612, previous_upper=156.14488454812297, previous_lower=156.047015451877, normalized_band_width=0.000628, latest_band_width=0.098003, distance_from_middle=0.000044, range_slope=-0.000019, trend_slope=-0.000008, trend_current_ma=156.09373333333332, latest_high=156.113, latest_low=156.07)",range,156.0961,156.14510163262588,156.04709836737413,0.0006278392942024046,-1.9218511270329158e-05,-7.687688508601761e-06,156.09373333333332,4.420353871750596e-05,,,,,,,,,,,,,,,,,,,,,,,,,,,,,,,,,,,,,,4.200000000000159,0.10000000000047748,1,middle_touch_exit,5447,5448,0,0,0,0,0
legacy,,2026-02-27 01:10:00,2026-02-27 01:35:00,buy,155.988,155.86,-12.79999999999859,signal_close,T-0190,"range mean-reversion buy confirmed by reentry from outside lower band; previous_close=155.955, latest_close=155.988, previous_lower=155.98772149078414, latest_lower=155.97781848470612; range because abs(range_slope)=0.000203 <= threshold=0.000500 and normalized_band_width=0.000988 <= threshold=0.003000 and distance_from_middle=0.000429 <= threshold=0.002000 (bollinger_period=20, bollinger_sigma=2.0, bollinger_extreme_sigma=3.0, range_ma_period=10, range_slope_lookback=5, range_slope_threshold=0.0005, range_band_width_threshold=0.003, range_middle_distance_threshold=0.002, trend_ma_period=15, trend_slope_lookback=2, trend_slope_threshold=0.0003, trend_price_position_filter_enabled=True, range_require_reentry_confirmation=True, trend_require_break_confirmation=True, exit_on_range_middle_band=True, close_on_opposite_trend_state=True, enable_range_failure_exit=True, range_failure_adverse_move_ratio=0.28, enable_range_extreme_touch_entry=False, state=range, middle=156.0549, upper=156.1319815152939, lower=155.97781848470612, upper_3sigma=156.17052227294081, lower_3sigma=155.9392777270592, previous_upper=156.13287850921589, previous_lower=155.98772149078414, normalized_band_width=0.000988, latest_band_width=0.154163, distance_from_middle=0.000429, range_slope=-0.000203, trend_slope=-0.000103, trend_current_ma=156.0488, latest_high=156.007, latest_low=155.932)",range,156.0549,156.1319815152939,155.97781848470612,0.0009878768983720952,-0.0002025185358935099,-0.00010295924522751865,156.0488,0.0004286952860820388,"buy position closed because range recovery failed and adverse move resumed (entry_price=155.988, previous_close=155.941, latest_close=155.86, middle=156.02815, band_width=0.23660693142846867) (bollinger_period=20, bollinger_sigma=2.0, bollinger_extreme_sigma=3.0, range_ma_period=10, range_slope_lookback=5, range_slope_threshold=0.0005, range_band_width_threshold=0.003, range_middle_distance_threshold=0.002, trend_ma_period=15, trend_slope_lookback=2, trend_slope_threshold=0.0003, trend_price_position_filter_enabled=True, range_require_reentry_confirmation=True, trend_require_break_confirmation=True, exit_on_range_middle_band=True, close_on_opposite_trend_state=True, enable_range_failure_exit=True, range_failure_adverse_move_ratio=0.28, enable_range_extreme_touch_entry=False, state=range, middle=156.02815, upper=156.14645346571425, lower=155.90984653428578, upper_3sigma=156.20560519857136, lower_3sigma=155.85069480142866, previous_upper=156.13091172226058, previous_lower=155.9474882777394, normalized_band_width=0.001516, latest_band_width=0.236607, distance_from_middle=0.001078, range_slope=-0.000292, trend_slope=-0.000135, trend_current_ma=156.0121333333333, latest_high=155.966, latest_low=155.86)",range,156.02815,156.14645346571425,155.90984653428578,0.001516437459704987,-0.00029168611240752007,-0.0001346049153442874,156.0121333333333,0.0010776901475791204,,,,,,,,,,,,,,,,,,,,,,,,,,,,,,,,,,,,,,4.699999999999704,12.79999999999859,5,range_failure_exit,5464,5469,0,4,5,5,5
legacy,,2026-02-27 04:00:00,2026-02-27 04:25:00,sell,155.961,155.854,10.699999999999932,signal_close,T-0191,"range mean-reversion sell confirmed by reentry from outside upper band; previous_close=155.991, latest_close=155.961, previous_upper=155.98505679093546, latest_upper=156.0003883273035; range because abs(range_slope)=0.000432 <= threshold=0.000500 and normalized_band_width=0.001918 <= threshold=0.003000 and distance_from_middle=0.000706 <= threshold=0.002000 (bollinger_period=20, bollinger_sigma=2.0, bollinger_extreme_sigma=3.0, range_ma_period=10, range_slope_lookback=5, range_slope_threshold=0.0005, range_band_width_threshold=0.003, range_middle_distance_threshold=0.002, trend_ma_period=15, trend_slope_lookback=2, trend_slope_threshold=0.0003, trend_price_position_filter_enabled=True, range_require_reentry_confirmation=True, trend_require_break_confirmation=True, exit_on_range_middle_band=True, close_on_opposite_trend_state=True, enable_range_failure_exit=True, range_failure_adverse_move_ratio=0.28, enable_range_extreme_touch_entry=False, state=range, middle=155.8509, upper=156.0003883273035, lower=155.70141167269648, upper_3sigma=156.07513249095527, lower_3sigma=155.62666750904472, previous_upper=155.98505679093546, previous_lower=155.69974320906454, normalized_band_width=0.001918, latest_band_width=0.298977, distance_from_middle=0.000706, range_slope=0.000432, trend_slope=0.000180, trend_current_ma=155.8784, latest_high=155.991, latest_low=155.928)",range,155.8509,156.0003883273035,155.70141167269648,0.0019183505171098234,0.00043229430904438297,0.00018048256418675933,155.8784,0.0007064444286174604,"sell position closed because range state returned to middle band: latest close 155.854 <= middle 155.882 (bollinger_period=20, bollinger_sigma=2.0, bollinger_extreme_sigma=3.0, range_ma_period=10, range_slope_lookback=5, range_slope_threshold=0.0005, range_band_width_threshold=0.003, range_middle_distance_threshold=0.002, trend_ma_period=15, trend_slope_lookback=2, trend_slope_threshold=0.0003, trend_price_position_filter_enabled=True, range_require_reentry_confirmation=True, trend_require_break_confirmation=True, exit_on_range_middle_band=True, close_on_opposite_trend_state=True, enable_range_failure_exit=True, range_failure_adverse_move_ratio=0.28, enable_range_extreme_touch_entry=False, state=range, middle=155.882, upper=156.00104284942827, lower=155.76295715057174, upper_3sigma=156.0605642741424, lower_3sigma=155.70343572585762, previous_upper=156.00630653171592, previous_lower=155.7490934682841, normalized_band_width=0.001527, latest_band_width=0.238086, distance_from_middle=0.000180, range_slope=0.000044, trend_slope=0.000068, trend_current_ma=155.9058, latest_high=155.89, latest_low=155.854)",range,155.882,156.00104284942827,155.76295715057174,0.001527345677220827,4.3612360512588656e-05,6.756216467452475e-05,155.9058,0.00017962304820307403,,,,,,,,,,,,,,,,,,,,,,,,,,,,,,,,,,,,,,10.699999999999932,2.5999999999982037,5,middle_touch_exit,5498,5503,0,0,1,3,3
legacy,,2026-02-27 05:00:00,2026-02-27 06:00:00,buy,155.814,155.76,-5.400000000000205,signal_close,T-0192,"range mean-reversion buy confirmed by reentry from outside lower band; previous_close=155.762, latest_close=155.814, previous_lower=155.76280442571618, latest_lower=155.75590921526413; range because abs(range_slope)=0.000452 <= threshold=0.000500 and normalized_band_width=0.001540 <= threshold=0.003000 and distance_from_middle=0.000397 <= threshold=0.002000 (bollinger_period=20, bollinger_sigma=2.0, bollinger_extreme_sigma=3.0, range_ma_period=10, range_slope_lookback=5, range_slope_threshold=0.0005, range_band_width_threshold=0.003, range_middle_distance_threshold=0.002, trend_ma_period=15, trend_slope_lookback=2, trend_slope_threshold=0.0003, trend_price_position_filter_enabled=True, range_require_reentry_confirmation=True, trend_require_break_confirmation=True, exit_on_range_middle_band=True, close_on_opposite_trend_state=True, enable_range_failure_exit=True, range_failure_adverse_move_ratio=0.28, enable_range_extreme_touch_entry=False, state=range, middle=155.87595, upper=155.99599078473585, lower=155.75590921526413, upper_3sigma=156.05601117710378, lower_3sigma=155.6958888228962, previous_upper=155.9960955742838, previous_lower=155.76280442571618, normalized_band_width=0.001540, latest_band_width=0.240082, distance_from_middle=0.000397, range_slope=-0.000452, trend_slope=-0.000099, trend_current_ma=155.87013333333334, latest_high=155.826, latest_low=155.747)",range,155.87595,155.99599078473585,155.75590921526413,0.0015402091821844657,-0.00045176973091451303,-9.880019777129346e-05,155.87013333333334,0.0003974314190226007,"buy position closed because range recovery failed and adverse move resumed (entry_price=155.814, previous_close=155.775, latest_close=155.76, middle=155.792, band_width=0.12644682676921093) (bollinger_period=20, bollinger_sigma=2.0, bollinger_extreme_sigma=3.0, range_ma_period=10, range_slope_lookback=5, range_slope_threshold=0.0005, range_band_width_threshold=0.003, range_middle_distance_threshold=0.002, trend_ma_period=15, trend_slope_lookback=2, trend_slope_threshold=0.0003, trend_price_position_filter_enabled=True, range_require_reentry_confirmation=True, trend_require_break_confirmation=True, exit_on_range_middle_band=True, close_on_opposite_trend_state=True, enable_range_failure_exit=True, range_failure_adverse_move_ratio=0.28, enable_range_extreme_touch_entry=False, state=range, middle=155.792, upper=155.8552234133846, lower=155.7287765866154, upper_3sigma=155.8868351200769, lower_3sigma=155.6971648799231, previous_upper=155.8717904075373, previous_lower=155.72480959246266, normalized_band_width=0.000812, latest_band_width=0.126447, distance_from_middle=0.000205, range_slope=-0.000028, trend_slope=-0.000056, trend_current_ma=155.779, latest_high=155.784, latest_low=155.735)",range,155.792,155.8552234133846,155.7287765866154,0.0008116387668764181,-2.7604465246762826e-05,-5.563437091437327e-05,155.779,0.00020540207456102165,,,,,,,,,,,,,,,,,,,,,,,,,,,,,,,,,,,,,,1.6000000000019554,10.3999999999985,12,range_failure_exit,5510,5522,0,6,0,7,12
legacy,,2026-02-27 08:40:00,2026-02-27 09:15:00,sell,155.916,156.032,-11.600000000001387,signal_close,T-0193,"range mean-reversion sell confirmed by reentry from outside upper band; previous_close=155.96, latest_close=155.916, previous_upper=155.95376936255516, latest_upper=155.95986447109362; range because abs(range_slope)=0.000382 <= threshold=0.000500 and normalized_band_width=0.001823 <= threshold=0.003000 and distance_from_middle=0.000630 <= threshold=0.002000 (bollinger_period=20, bollinger_sigma=2.0, bollinger_extreme_sigma=3.0, range_ma_period=10, range_slope_lookback=5, range_slope_threshold=0.0005, range_band_width_threshold=0.003, range_middle_distance_threshold=0.002, trend_ma_period=15, trend_slope_lookback=2, trend_slope_threshold=0.0003, trend_price_position_filter_enabled=True, range_require_reentry_confirmation=True, trend_require_break_confirmation=True, exit_on_range_middle_band=True, close_on_opposite_trend_state=True, enable_range_failure_exit=True, range_failure_adverse_move_ratio=0.28, enable_range_extreme_touch_entry=False, state=range, middle=155.81785, upper=155.95986447109362, lower=155.67583552890636, upper_3sigma=156.03087170664043, lower_3sigma=155.60482829335956, previous_upper=155.95376936255516, previous_lower=155.65743063744483, normalized_band_width=0.001823, latest_band_width=0.284029, distance_from_middle=0.000630, range_slope=0.000382, trend_slope=0.000143, trend_current_ma=155.84686666666667, latest_high=155.961, latest_low=155.909)",range,155.81785,155.95986447109362,155.67583552890636,0.0018228267312587268,0.00038236330030845035,0.00014287529254144055,155.84686666666667,0.0006299021581930694,"sell position closed because range recovery failed and adverse move resumed (entry_price=155.916, previous_close=155.985, latest_close=156.032, middle=155.8838, band_width=0.28079772078848464) (bollinger_period=20, bollinger_sigma=2.0, bollinger_extreme_sigma=3.0, range_ma_period=10, range_slope_lookback=5, range_slope_threshold=0.0005, range_band_width_threshold=0.003, range_middle_distance_threshold=0.002, trend_ma_period=15, trend_slope_lookback=2, trend_slope_threshold=0.0003, trend_price_position_filter_enabled=True, range_require_reentry_confirmation=True, trend_require_break_confirmation=True, exit_on_range_middle_band=True, close_on_opposite_trend_state=True, enable_range_failure_exit=True, range_failure_adverse_move_ratio=0.28, enable_range_extreme_touch_entry=False, state=range, middle=155.8838, upper=156.02419886039425, lower=155.74340113960577, upper_3sigma=156.09439829059136, lower_3sigma=155.67320170940866, previous_upper=155.99876126388696, previous_lower=155.74683873611306, normalized_band_width=0.001801, latest_band_width=0.280798, distance_from_middle=0.000951, range_slope=0.000369, trend_slope=0.000148, trend_current_ma=155.90913333333336, latest_high=156.078, latest_low=155.986)",range,155.8838,156.02419886039425,155.74340113960577,0.0018013271474552495,0.00036937923126782014,0.00014794942524231058,155.90913333333336,0.000950708155690346,,,,,,,,,,,,,,,,,,,,,,,,,,,,,,,,,,,,,,7.999999999998408,16.200000000000614,7,range_failure_exit,5554,5561,2,7,0,1,7
legacy,,2026-02-27 09:20:00,2026-02-27 10:30:00,sell,156.02,156.026,-0.6000000000000227,signal_close,T-0194,"range mean-reversion sell confirmed by reentry from outside upper band; previous_close=156.032, latest_close=156.02, previous_upper=156.02419886039425, latest_upper=156.04219353215478; range because abs(range_slope)=0.000392 <= threshold=0.000500 and normalized_band_width=0.001897 <= threshold=0.003000 and distance_from_middle=0.000806 <= threshold=0.002000 (bollinger_period=20, bollinger_sigma=2.0, bollinger_extreme_sigma=3.0, range_ma_period=10, range_slope_lookback=5, range_slope_threshold=0.0005, range_band_width_threshold=0.003, range_middle_distance_threshold=0.002, trend_ma_period=15, trend_slope_lookback=2, trend_slope_threshold=0.0003, trend_price_position_filter_enabled=True, range_require_reentry_confirmation=True, trend_require_break_confirmation=True, exit_on_range_middle_band=True, close_on_opposite_trend_state=True, enable_range_failure_exit=True, range_failure_adverse_move_ratio=0.28, enable_range_extreme_touch_entry=False, state=range, middle=155.89435, upper=156.04219353215478, lower=155.74650646784522, upper_3sigma=156.11611529823216, lower_3sigma=155.67258470176785, previous_upper=156.02419886039425, previous_lower=155.74340113960577, normalized_band_width=0.001897, latest_band_width=0.295687, distance_from_middle=0.000806, range_slope=0.000392, trend_slope=0.000167, trend_current_ma=155.92226666666664, latest_high=156.043, latest_low=156.015)",range,155.89435,156.04219353215478,155.74650646784522,0.0018967144371143743,0.0003917980194642843,0.00016674975650248397,155.92226666666664,0.000805994572606431,"sell position closed because range state returned to middle band: latest close 156.026 <= middle 156.03505 (bollinger_period=20, bollinger_sigma=2.0, bollinger_extreme_sigma=3.0, range_ma_period=10, range_slope_lookback=5, range_slope_threshold=0.0005, range_band_width_threshold=0.003, range_middle_distance_threshold=0.002, trend_ma_period=15, trend_slope_lookback=2, trend_slope_threshold=0.0003, trend_price_position_filter_enabled=True, range_require_reentry_confirmation=True, trend_require_break_confirmation=True, exit_on_range_middle_band=True, close_on_opposite_trend_state=True, enable_range_failure_exit=True, range_failure_adverse_move_ratio=0.28, enable_range_extreme_touch_entry=False, state=range, middle=156.03505, upper=156.1400385231823, lower=155.9300614768177, upper_3sigma=156.19253278477348, lower_3sigma=155.87756721522655, previous_upper=156.1511967797222, previous_lower=155.90510322027782, normalized_band_width=0.001346, latest_band_width=0.209977, distance_from_middle=0.000058, range_slope=-0.000115, trend_slope=0.000026, trend_current_ma=156.0574, latest_high=156.096, latest_low=156.024)",range,156.03505,156.1400385231823,155.9300614768177,0.0013457043553009376,-0.00011470623668682851,2.6485981012937786e-05,156.0574,5.7999789149950605e-05,,,,,,,,,,,,,,,,,,,,,,,,,,,,,,,,,,,,,,5.100000000001614,10.099999999999909,14,middle_touch_exit,5562,5576,8,13,5,5,13
legacy,,2026-02-27 10:55:00,2026-02-27 11:10:00,sell,156.148,156.241,-9.300000000001774,signal_close,T-0195,"range mean-reversion sell confirmed by reentry from outside upper band; previous_close=156.152, latest_close=156.148, previous_upper=156.1432423966134, latest_upper=156.15497329664402; range because abs(range_slope)=0.000165 <= threshold=0.000500 and normalized_band_width=0.001056 <= threshold=0.003000 and distance_from_middle=0.000483 <= threshold=0.002000 (bollinger_period=20, bollinger_sigma=2.0, bollinger_extreme_sigma=3.0, range_ma_period=10, range_slope_lookback=5, range_slope_threshold=0.0005, range_band_width_threshold=0.003, range_middle_distance_threshold=0.002, trend_ma_period=15, trend_slope_lookback=2, trend_slope_threshold=0.0003, trend_price_position_filter_enabled=True, range_require_reentry_confirmation=True, trend_require_break_confirmation=True, exit_on_range_middle_band=True, close_on_opposite_trend_state=True, enable_range_failure_exit=True, range_failure_adverse_move_ratio=0.28, enable_range_extreme_touch_entry=False, state=range, middle=156.07260000000002, upper=156.15497329664402, lower=155.99022670335603, upper_3sigma=156.196159944966, lower_3sigma=155.94904005503403, previous_upper=156.1432423966134, previous_lower=155.9903576033866, normalized_band_width=0.001056, latest_band_width=0.164747, distance_from_middle=0.000483, range_slope=0.000165, trend_slope=0.000059, trend_current_ma=156.07326666666668, latest_high=156.184, latest_low=156.144)",range,156.07260000000002,156.15497329664402,155.99022670335603,0.0010555766565559027,0.0001646628416193373,5.8519524377347845e-05,156.07326666666668,0.000483108502068739,"sell position closed because range recovery failed and adverse move resumed (entry_price=156.148, previous_close=156.202, latest_close=156.241, middle=156.09275, band_width=0.24254937641643437) (bollinger_period=20, bollinger_sigma=2.0, bollinger_extreme_sigma=3.0, range_ma_period=10, range_slope_lookback=5, range_slope_threshold=0.0005, range_band_width_threshold=0.003, range_middle_distance_threshold=0.002, trend_ma_period=15, trend_slope_lookback=2, trend_slope_threshold=0.0003, trend_price_position_filter_enabled=True, range_require_reentry_confirmation=True, trend_require_break_confirmation=True, exit_on_range_middle_band=True, close_on_opposite_trend_state=True, enable_range_failure_exit=True, range_failure_adverse_move_ratio=0.28, enable_range_extreme_touch_entry=False, state=range, middle=156.09275, upper=156.2140246882082, lower=155.97147531179178, upper_3sigma=156.27466203231234, lower_3sigma=155.91083796768766, previous_upper=156.18488710757725, previous_lower=155.98381289242275, normalized_band_width=0.001554, latest_band_width=0.242549, distance_from_middle=0.000950, range_slope=0.000455, trend_slope=0.000132, trend_current_ma=156.09633333333335, latest_high=156.244, latest_low=156.185)",range,156.09275,156.2140246882082,155.97147531179178,0.0015538798337298458,0.00045540053149259837,0.00013196978788758746,156.09633333333335,0.0009497558342717304,,,,,,,,,,,,,,,,,,,,,,,,,,,,,,,,,,,,,,3.6000000000001364,9.600000000000364,3,range_failure_exit,5581,5584,1,0,0,2,2
legacy,,2026-02-27 13:30:00,2026-02-27 14:30:00,buy,155.878,155.921,4.300000000000637,signal_close,T-0196,"range mean-reversion buy confirmed by reentry from outside lower band; previous_close=155.883, latest_close=155.878, previous_lower=155.88476476008606, latest_lower=155.87139888476412; range because abs(range_slope)=0.000183 <= threshold=0.000500 and normalized_band_width=0.001380 <= threshold=0.003000 and distance_from_middle=0.000648 <= threshold=0.002000 (bollinger_period=20, bollinger_sigma=2.0, bollinger_extreme_sigma=3.0, range_ma_period=10, range_slope_lookback=5, range_slope_threshold=0.0005, range_band_width_threshold=0.003, range_middle_distance_threshold=0.002, trend_ma_period=15, trend_slope_lookback=2, trend_slope_threshold=0.0003, trend_price_position_filter_enabled=True, range_require_reentry_confirmation=True, trend_require_break_confirmation=True, exit_on_range_middle_band=True, close_on_opposite_trend_state=True, enable_range_failure_exit=True, range_failure_adverse_move_ratio=0.28, enable_range_extreme_touch_entry=False, state=range, middle=155.97899999999998, upper=156.08660111523585, lower=155.87139888476412, upper_3sigma=156.14040167285378, lower_3sigma=155.8175983271462, previous_upper=156.09223523991392, previous_lower=155.88476476008606, normalized_band_width=0.001380, latest_band_width=0.215202, distance_from_middle=0.000648, range_slope=-0.000183, trend_slope=-0.000104, trend_current_ma=155.95786666666666, latest_high=155.888, latest_low=155.87)",range,155.97899999999998,156.08660111523585,155.87139888476412,0.0013796872045065815,-0.00018274959266082884,-0.00010387420876064244,155.95786666666666,0.0006475230640021997,"buy position closed because range state returned to middle band: latest close 155.921 >= middle 155.91590000000002 (bollinger_period=20, bollinger_sigma=2.0, bollinger_extreme_sigma=3.0, range_ma_period=10, range_slope_lookback=5, range_slope_threshold=0.0005, range_band_width_threshold=0.003, range_middle_distance_threshold=0.002, trend_ma_period=15, trend_slope_lookback=2, trend_slope_threshold=0.0003, trend_price_position_filter_enabled=True, range_require_reentry_confirmation=True, trend_require_break_confirmation=True, exit_on_range_middle_band=True, close_on_opposite_trend_state=True, enable_range_failure_exit=True, range_failure_adverse_move_ratio=0.28, enable_range_extreme_touch_entry=False, state=range, middle=155.91590000000002, upper=156.00237057302922, lower=155.82942942697082, upper_3sigma=156.04560585954383, lower_3sigma=155.78619414045622, previous_upper=156.01537268515702, previous_lower=155.82502731484297, normalized_band_width=0.001109, latest_band_width=0.172941, distance_from_middle=0.000033, range_slope=-0.000103, trend_slope=-0.000043, trend_current_ma=155.89780000000002, latest_high=155.933, latest_low=155.864)",range,155.91590000000002,156.00237057302922,155.82942942697082,0.0011091950600189335,-0.00010327596492462427,-4.2763058020450596e-05,155.89780000000002,3.270994170556274e-05,,,,,,,,,,,,,,,,,,,,,,,,,,,,,,,,,,,,,,8.200000000002206,3.499999999999659,12,middle_touch_exit,5612,5624,0,11,0,4,12
legacy,,2026-02-27 15:15:00,2026-02-27 15:35:00,sell,155.994,156.102,-10.80000000000041,signal_close,T-0197,"range mean-reversion sell confirmed by reentry from outside upper band; previous_close=156.047, latest_close=155.994, previous_upper=156.01072798649676, latest_upper=156.02051231954943; range because abs(range_slope)=0.000364 <= threshold=0.000500 and normalized_band_width=0.001249 <= threshold=0.003000 and distance_from_middle=0.000455 <= threshold=0.002000 (bollinger_period=20, bollinger_sigma=2.0, bollinger_extreme_sigma=3.0, range_ma_period=10, range_slope_lookback=5, range_slope_threshold=0.0005, range_band_width_threshold=0.003, range_middle_distance_threshold=0.002, trend_ma_period=15, trend_slope_lookback=2, trend_slope_threshold=0.0003, trend_price_position_filter_enabled=True, range_require_reentry_confirmation=True, trend_require_break_confirmation=True, exit_on_range_middle_band=True, close_on_opposite_trend_state=True, enable_range_failure_exit=True, range_failure_adverse_move_ratio=0.28, enable_range_extreme_touch_entry=False, state=range, middle=155.9231, upper=156.02051231954943, lower=155.82568768045059, upper_3sigma=156.06921847932415, lower_3sigma=155.77698152067586, previous_upper=156.01072798649676, previous_lower=155.82677201350322, normalized_band_width=0.001249, latest_band_width=0.194825, distance_from_middle=0.000455, range_slope=0.000364, trend_slope=0.000097, trend_current_ma=155.92113333333333, latest_high=156.061, latest_low=155.969)",range,155.9231,156.02051231954943,155.82568768045059,0.0012494918270534654,0.00036357713734609204,9.748518161100033e-05,155.92113333333333,0.0004547113288537403,"sell position closed because range recovery failed and adverse move resumed (entry_price=155.994, previous_close=156.009, latest_close=156.102, middle=155.9421, band_width=0.27234360649737255) (bollinger_period=20, bollinger_sigma=2.0, bollinger_extreme_sigma=3.0, range_ma_period=10, range_slope_lookback=5, range_slope_threshold=0.0005, range_band_width_threshold=0.003, range_middle_distance_threshold=0.002, trend_ma_period=15, trend_slope_lookback=2, trend_slope_threshold=0.0003, trend_price_position_filter_enabled=True, range_require_reentry_confirmation=True, trend_require_break_confirmation=True, exit_on_range_middle_band=True, close_on_opposite_trend_state=True, enable_range_failure_exit=True, range_failure_adverse_move_ratio=0.28, enable_range_extreme_touch_entry=False, state=range, middle=155.9421, upper=156.0782718032487, lower=155.80592819675132, upper_3sigma=156.14635770487303, lower_3sigma=155.737842295127, previous_upper=156.04775586941543, previous_lower=155.81774413058457, normalized_band_width=0.001746, latest_band_width=0.272344, distance_from_middle=0.001025, range_slope=0.000351, trend_slope=0.000165, trend_current_ma=155.96673333333334, latest_high=156.115, latest_low=155.984)",range,155.9421,156.0782718032487,155.80592819675132,0.0017464405474684034,0.00035065743461051987,0.0001649924492447109,155.96673333333334,0.0010253805739437473,,,,,,,,,,,,,,,,,,,,,,,,,,,,,,,,,,,,,,3.0000000000001137,12.399999999999523,4,range_failure_exit,5633,5637,1,0,3,4,4
legacy,,2026-02-27 19:40:00,2026-02-27 19:55:00,buy,155.985,156.065,7.999999999998408,signal_close,T-0198,"range mean-reversion buy confirmed by reentry from outside lower band; previous_close=155.962, latest_close=155.985, previous_lower=155.98125669530452, latest_lower=155.97056036362648; range because abs(range_slope)=0.000135 <= threshold=0.000500 and normalized_band_width=0.001094 <= threshold=0.003000 and distance_from_middle=0.000455 <= threshold=0.002000 (bollinger_period=20, bollinger_sigma=2.0, bollinger_extreme_sigma=3.0, range_ma_period=10, range_slope_lookback=5, range_slope_threshold=0.0005, range_band_width_threshold=0.003, range_middle_distance_threshold=0.002, trend_ma_period=15, trend_slope_lookback=2, trend_slope_threshold=0.0003, trend_price_position_filter_enabled=True, range_require_reentry_confirmation=True, trend_require_break_confirmation=True, exit_on_range_middle_band=True, close_on_opposite_trend_state=True, enable_range_failure_exit=True, range_failure_adverse_move_ratio=0.28, enable_range_extreme_touch_entry=False, state=range, middle=156.05595, upper=156.14133963637352, lower=155.97056036362648, upper_3sigma=156.18403445456025, lower_3sigma=155.92786554543974, previous_upper=156.13994330469546, previous_lower=155.98125669530452, normalized_band_width=0.001094, latest_band_width=0.170779, distance_from_middle=0.000455, range_slope=-0.000135, trend_slope=-0.000094, trend_current_ma=156.0528666666667, latest_high=155.986, latest_low=155.958)",range,156.05595,156.14133963637352,155.97056036362648,0.0010943464363072381,-0.00013521211961990866,-9.398524346220676e-05,156.0528666666667,0.00045464463226158367,"buy position closed because range state returned to middle band: latest close 156.065 >= middle 156.05405000000002 (bollinger_period=20, bollinger_sigma=2.0, bollinger_extreme_sigma=3.0, range_ma_period=10, range_slope_lookback=5, range_slope_threshold=0.0005, range_band_width_threshold=0.003, range_middle_distance_threshold=0.002, trend_ma_period=15, trend_slope_lookback=2, trend_slope_threshold=0.0003, trend_price_position_filter_enabled=True, range_require_reentry_confirmation=True, trend_require_break_confirmation=True, exit_on_range_middle_band=True, close_on_opposite_trend_state=True, enable_range_failure_exit=True, range_failure_adverse_move_ratio=0.28, enable_range_extreme_touch_entry=False, state=range, middle=156.05405000000002, upper=156.14098555084087, lower=155.96711444915917, upper_3sigma=156.18445332626126, lower_3sigma=155.92364667373877, previous_upper=156.14194391793365, previous_lower=155.96725608206634, normalized_band_width=0.001114, latest_band_width=0.173871, distance_from_middle=0.000070, range_slope=-0.000194, trend_slope=0.000003, trend_current_ma=156.05233333333334, latest_high=156.071, latest_low=156.04)",range,156.05405000000002,156.14098555084087,155.96711444915917,0.0011141723119758688,-0.00019353825745097427,2.9904497851072935e-06,156.05233333333334,7.016799628064641e-05,,,,,,,,,,,,,,,,,,,,,,,,,,,,,,,,,,,,,,8.599999999998431,1.0000000000019327,3,middle_touch_exit,5686,5689,0,0,1,2,3
legacy,,2026-02-27 21:30:00,2026-02-27 21:55:00,buy,155.933,156.024,9.100000000000819,signal_close,T-0199,"range mean-reversion buy confirmed by reentry from outside lower band; previous_close=155.908, latest_close=155.933, previous_lower=155.92284970376141, latest_lower=155.91100490801787; range because abs(range_slope)=0.000331 <= threshold=0.000500 and normalized_band_width=0.001322 <= threshold=0.003000 and distance_from_middle=0.000520 <= threshold=0.002000 (bollinger_period=20, bollinger_sigma=2.0, bollinger_extreme_sigma=3.0, range_ma_period=10, range_slope_lookback=5, range_slope_threshold=0.0005, range_band_width_threshold=0.003, range_middle_distance_threshold=0.002, trend_ma_period=15, trend_slope_lookback=2, trend_slope_threshold=0.0003, trend_price_position_filter_enabled=True, range_require_reentry_confirmation=True, trend_require_break_confirmation=True, exit_on_range_middle_band=True, close_on_opposite_trend_state=True, enable_range_failure_exit=True, range_failure_adverse_move_ratio=0.28, enable_range_extreme_touch_entry=False, state=range, middle=156.01415, upper=156.11729509198213, lower=155.91100490801787, upper_3sigma=156.1688676379732, lower_3sigma=155.8594323620268, previous_upper=156.1169502962386, previous_lower=155.92284970376141, normalized_band_width=0.001322, latest_band_width=0.206290, distance_from_middle=0.000520, range_slope=-0.000331, trend_slope=-0.000121, trend_current_ma=155.99946666666668, latest_high=155.935, latest_low=155.895)",range,156.01415,156.11729509198213,155.91100490801787,0.0013222530389984265,-0.00033145721284881356,-0.0001205132325236821,155.99946666666668,0.0005201451278618513,"buy position closed because range state returned to middle band: latest close 156.024 >= middle 155.9947 (bollinger_period=20, bollinger_sigma=2.0, bollinger_extreme_sigma=3.0, range_ma_period=10, range_slope_lookback=5, range_slope_threshold=0.0005, range_band_width_threshold=0.003, range_middle_distance_threshold=0.002, trend_ma_period=15, trend_slope_lookback=2, trend_slope_threshold=0.0003, trend_price_position_filter_enabled=True, range_require_reentry_confirmation=True, trend_require_break_confirmation=True, exit_on_range_middle_band=True, close_on_opposite_trend_state=True, enable_range_failure_exit=True, range_failure_adverse_move_ratio=0.28, enable_range_extreme_touch_entry=False, state=range, middle=155.9947, upper=156.08718805328257, lower=155.90221194671742, upper_3sigma=156.13343207992386, lower_3sigma=155.85596792007613, previous_upper=156.08803058937218, previous_lower=155.9020694106278, normalized_band_width=0.001186, latest_band_width=0.184976, distance_from_middle=0.000188, range_slope=-0.000116, trend_slope=-0.000025, trend_current_ma=155.97873333333334, latest_high=156.03, latest_low=155.983)",range,155.9947,156.08718805328257,155.90221194671742,0.0011857845591238625,-0.00011605554764756046,-2.478970423736987e-05,155.97873333333334,0.00018782689411887918,,,,,,,,,,,,,,,,,,,,,,,,,,,,,,,,,,,,,,9.700000000000841,0.7000000000005002,5,middle_touch_exit,5708,5713,0,0,4,3,5
legacy,,2026-02-27 23:10:00,2026-02-27 23:45:00,sell,156.163,156.145,1.8000000000000682,forced_end_of_data,T-0200,"range mean-reversion sell confirmed by reentry from outside upper band; previous_close=156.173, latest_close=156.163, previous_upper=156.16655956188788, latest_upper=156.18341994399668; range because abs(range_slope)=0.000434 <= threshold=0.000500 and normalized_band_width=0.001877 <= threshold=0.003000 and distance_from_middle=0.000808 <= threshold=0.002000 (bollinger_period=20, bollinger_sigma=2.0, bollinger_extreme_sigma=3.0, range_ma_period=10, range_slope_lookback=5, range_slope_threshold=0.0005, range_band_width_threshold=0.003, range_middle_distance_threshold=0.002, trend_ma_period=15, trend_slope_lookback=2, trend_slope_threshold=0.0003, trend_price_position_filter_enabled=True, range_require_reentry_confirmation=True, trend_require_break_confirmation=True, exit_on_range_middle_band=True, close_on_opposite_trend_state=True, enable_range_failure_exit=True, range_failure_adverse_move_ratio=0.28, enable_range_extreme_touch_entry=False, state=range, middle=156.03699999999998, upper=156.18341994399668, lower=155.89058005600327, upper_3sigma=156.25662991599503, lower_3sigma=155.81737008400492, previous_upper=156.16655956188788, previous_lower=155.8844404381121, normalized_band_width=0.001877, latest_band_width=0.292840, distance_from_middle=0.000808, range_slope=0.000434, trend_slope=0.000136, trend_current_ma=156.05586666666667, latest_high=156.175, latest_low=156.149)",range,156.03699999999998,156.18341994399668,155.89058005600327,0.0018767336464646806,0.00043440013377971684,0.00013584878577685628,156.05586666666667,0.0008075007850704206,,,,,,,,,,,,,,,,,,,,,,,,,,,,,,,,,,,,,,,,,,,,,,,,13.2000000000005,1.8000000000000682,7,,5728,5735,0,1,6,2,7
